v1	V(n003)
1.000000000000000e+001	-1.311545e+001
9.980000000000000e+000	-1.311545e+001
9.960000000000001e+000	-1.311545e+001
9.940000000000001e+000	-1.311545e+001
9.920000000000002e+000	-1.311545e+001
9.900000000000002e+000	-1.311545e+001
9.880000000000003e+000	-1.311545e+001
9.860000000000003e+000	-1.311545e+001
9.840000000000003e+000	-1.311545e+001
9.820000000000004e+000	-1.311545e+001
9.800000000000004e+000	-1.311545e+001
9.780000000000005e+000	-1.311545e+001
9.760000000000005e+000	-1.311545e+001
9.740000000000006e+000	-1.311545e+001
9.720000000000006e+000	-1.311545e+001
9.700000000000006e+000	-1.311545e+001
9.680000000000007e+000	-1.311545e+001
9.660000000000007e+000	-1.311545e+001
9.640000000000008e+000	-1.311545e+001
9.620000000000008e+000	-1.311545e+001
9.600000000000009e+000	-1.311545e+001
9.580000000000009e+000	-1.311545e+001
9.560000000000009e+000	-1.311545e+001
9.540000000000010e+000	-1.311545e+001
9.520000000000010e+000	-1.311545e+001
9.500000000000011e+000	-1.311545e+001
9.480000000000011e+000	-1.311545e+001
9.460000000000012e+000	-1.311545e+001
9.440000000000012e+000	-1.311545e+001
9.420000000000012e+000	-1.311545e+001
9.400000000000013e+000	-1.311545e+001
9.380000000000013e+000	-1.311545e+001
9.360000000000014e+000	-1.311545e+001
9.340000000000014e+000	-1.311545e+001
9.320000000000015e+000	-1.311545e+001
9.300000000000015e+000	-1.311545e+001
9.280000000000015e+000	-1.311545e+001
9.260000000000016e+000	-1.311545e+001
9.240000000000016e+000	-1.311545e+001
9.220000000000017e+000	-1.311545e+001
9.200000000000017e+000	-1.311545e+001
9.180000000000018e+000	-1.311545e+001
9.160000000000018e+000	-1.311545e+001
9.140000000000018e+000	-1.311545e+001
9.120000000000019e+000	-1.311545e+001
9.100000000000019e+000	-1.311545e+001
9.080000000000020e+000	-1.311545e+001
9.060000000000020e+000	-1.311545e+001
9.040000000000021e+000	-1.311545e+001
9.020000000000021e+000	-1.311545e+001
9.000000000000021e+000	-1.311545e+001
8.980000000000022e+000	-1.311545e+001
8.960000000000022e+000	-1.311545e+001
8.940000000000023e+000	-1.311545e+001
8.920000000000023e+000	-1.311545e+001
8.900000000000023e+000	-1.311545e+001
8.880000000000024e+000	-1.311545e+001
8.860000000000024e+000	-1.311545e+001
8.840000000000025e+000	-1.311545e+001
8.820000000000025e+000	-1.311545e+001
8.800000000000026e+000	-1.311545e+001
8.780000000000026e+000	-1.311545e+001
8.760000000000026e+000	-1.311545e+001
8.740000000000027e+000	-1.311545e+001
8.720000000000027e+000	-1.311545e+001
8.700000000000028e+000	-1.311545e+001
8.680000000000028e+000	-1.311545e+001
8.660000000000029e+000	-1.311545e+001
8.640000000000029e+000	-1.311545e+001
8.620000000000029e+000	-1.311545e+001
8.600000000000030e+000	-1.311545e+001
8.580000000000030e+000	-1.311545e+001
8.560000000000031e+000	-1.311545e+001
8.540000000000031e+000	-1.311545e+001
8.520000000000032e+000	-1.311545e+001
8.500000000000032e+000	-1.311545e+001
8.480000000000032e+000	-1.311545e+001
8.460000000000033e+000	-1.311545e+001
8.440000000000033e+000	-1.311545e+001
8.420000000000034e+000	-1.311545e+001
8.400000000000034e+000	-1.311545e+001
8.380000000000035e+000	-1.311545e+001
8.360000000000035e+000	-1.311545e+001
8.340000000000035e+000	-1.311545e+001
8.320000000000036e+000	-1.311545e+001
8.300000000000036e+000	-1.311545e+001
8.280000000000037e+000	-1.311545e+001
8.260000000000037e+000	-1.311545e+001
8.240000000000038e+000	-1.311545e+001
8.220000000000038e+000	-1.311545e+001
8.200000000000038e+000	-1.311545e+001
8.180000000000039e+000	-1.311545e+001
8.160000000000039e+000	-1.311545e+001
8.140000000000040e+000	-1.311545e+001
8.120000000000040e+000	-1.311545e+001
8.100000000000041e+000	-1.311545e+001
8.080000000000041e+000	-1.311545e+001
8.060000000000041e+000	-1.311545e+001
8.040000000000042e+000	-1.311545e+001
8.020000000000042e+000	-1.311545e+001
8.000000000000043e+000	-1.311545e+001
7.980000000000043e+000	-1.311545e+001
7.960000000000044e+000	-1.311545e+001
7.940000000000044e+000	-1.311545e+001
7.920000000000044e+000	-1.311545e+001
7.900000000000045e+000	-1.311545e+001
7.880000000000045e+000	-1.311545e+001
7.860000000000046e+000	-1.311545e+001
7.840000000000046e+000	-1.311545e+001
7.820000000000047e+000	-1.311545e+001
7.800000000000047e+000	-1.311545e+001
7.780000000000047e+000	-1.311545e+001
7.760000000000048e+000	-1.311545e+001
7.740000000000048e+000	-1.311545e+001
7.720000000000049e+000	-1.311545e+001
7.700000000000049e+000	-1.311545e+001
7.680000000000050e+000	-1.311545e+001
7.660000000000050e+000	-1.311545e+001
7.640000000000050e+000	-1.311545e+001
7.620000000000051e+000	-1.311545e+001
7.600000000000051e+000	-1.311545e+001
7.580000000000052e+000	-1.311545e+001
7.560000000000052e+000	-1.311545e+001
7.540000000000052e+000	-1.311545e+001
7.520000000000053e+000	-1.311545e+001
7.500000000000053e+000	-1.311545e+001
7.480000000000054e+000	-1.311545e+001
7.460000000000054e+000	-1.311545e+001
7.440000000000055e+000	-1.311545e+001
7.420000000000055e+000	-1.311545e+001
7.400000000000055e+000	-1.311545e+001
7.380000000000056e+000	-1.311545e+001
7.360000000000056e+000	-1.311545e+001
7.340000000000057e+000	-1.311545e+001
7.320000000000057e+000	-1.311545e+001
7.300000000000058e+000	-1.311545e+001
7.280000000000058e+000	-1.311545e+001
7.260000000000058e+000	-1.311545e+001
7.240000000000059e+000	-1.311545e+001
7.220000000000059e+000	-1.311545e+001
7.200000000000060e+000	-1.311545e+001
7.180000000000060e+000	-1.311545e+001
7.160000000000061e+000	-1.311545e+001
7.140000000000061e+000	-1.311545e+001
7.120000000000061e+000	-1.311545e+001
7.100000000000062e+000	-1.311545e+001
7.080000000000062e+000	-1.311545e+001
7.060000000000063e+000	-1.311545e+001
7.040000000000063e+000	-1.311545e+001
7.020000000000064e+000	-1.311545e+001
7.000000000000064e+000	-1.311545e+001
6.980000000000064e+000	-1.311545e+001
6.960000000000065e+000	-1.311545e+001
6.940000000000065e+000	-1.311545e+001
6.920000000000066e+000	-1.311545e+001
6.900000000000066e+000	-1.311545e+001
6.880000000000067e+000	-1.311545e+001
6.860000000000067e+000	-1.311545e+001
6.840000000000067e+000	-1.311545e+001
6.820000000000068e+000	-1.311545e+001
6.800000000000068e+000	-1.311545e+001
6.780000000000069e+000	-1.311545e+001
6.760000000000069e+000	-1.311545e+001
6.740000000000070e+000	-1.311545e+001
6.720000000000070e+000	-1.311545e+001
6.700000000000070e+000	-1.311545e+001
6.680000000000071e+000	-1.311545e+001
6.660000000000071e+000	-1.311545e+001
6.640000000000072e+000	-1.311545e+001
6.620000000000072e+000	-1.311545e+001
6.600000000000073e+000	-1.311545e+001
6.580000000000073e+000	-1.311545e+001
6.560000000000073e+000	-1.311545e+001
6.540000000000074e+000	-1.311545e+001
6.520000000000074e+000	-1.311545e+001
6.500000000000075e+000	-1.311545e+001
6.480000000000075e+000	-1.311545e+001
6.460000000000076e+000	-1.311545e+001
6.440000000000076e+000	-1.311545e+001
6.420000000000076e+000	-1.311545e+001
6.400000000000077e+000	-1.311545e+001
6.380000000000077e+000	-1.311545e+001
6.360000000000078e+000	-1.311545e+001
6.340000000000078e+000	-1.311545e+001
6.320000000000078e+000	-1.311545e+001
6.300000000000079e+000	-1.311545e+001
6.280000000000079e+000	-1.311545e+001
6.260000000000080e+000	-1.311545e+001
6.240000000000080e+000	-1.311545e+001
6.220000000000081e+000	-1.311545e+001
6.200000000000081e+000	-1.311545e+001
6.180000000000081e+000	-1.311545e+001
6.160000000000082e+000	-1.311545e+001
6.140000000000082e+000	-1.311545e+001
6.120000000000083e+000	-1.311545e+001
6.100000000000083e+000	-1.311545e+001
6.080000000000084e+000	-1.311545e+001
6.060000000000084e+000	-1.311545e+001
6.040000000000084e+000	-1.311545e+001
6.020000000000085e+000	-1.311545e+001
6.000000000000085e+000	-1.311545e+001
5.980000000000086e+000	-1.311545e+001
5.960000000000086e+000	-1.311545e+001
5.940000000000087e+000	-1.311545e+001
5.920000000000087e+000	-1.311545e+001
5.900000000000087e+000	-1.311545e+001
5.880000000000088e+000	-1.311545e+001
5.860000000000088e+000	-1.311545e+001
5.840000000000089e+000	-1.311545e+001
5.820000000000089e+000	-1.311545e+001
5.800000000000090e+000	-1.311545e+001
5.780000000000090e+000	-1.311545e+001
5.760000000000090e+000	-1.311545e+001
5.740000000000091e+000	-1.311545e+001
5.720000000000091e+000	-1.311545e+001
5.700000000000092e+000	-1.311545e+001
5.680000000000092e+000	-1.311545e+001
5.660000000000093e+000	-1.311545e+001
5.640000000000093e+000	-1.311545e+001
5.620000000000093e+000	-1.311545e+001
5.600000000000094e+000	-1.311545e+001
5.580000000000094e+000	-1.311545e+001
5.560000000000095e+000	-1.311545e+001
5.540000000000095e+000	-1.311545e+001
5.520000000000096e+000	-1.311545e+001
5.500000000000096e+000	-1.311545e+001
5.480000000000096e+000	-1.311545e+001
5.460000000000097e+000	-1.311545e+001
5.440000000000097e+000	-1.311545e+001
5.420000000000098e+000	-1.311545e+001
5.400000000000098e+000	-1.311545e+001
5.380000000000099e+000	-1.311545e+001
5.360000000000099e+000	-1.311545e+001
5.340000000000099e+000	-1.311545e+001
5.320000000000100e+000	-1.311545e+001
5.300000000000100e+000	-1.311545e+001
5.280000000000101e+000	-1.311545e+001
5.260000000000101e+000	-1.311545e+001
5.240000000000102e+000	-1.311545e+001
5.220000000000102e+000	-1.311545e+001
5.200000000000102e+000	-1.311545e+001
5.180000000000103e+000	-1.311545e+001
5.160000000000103e+000	-1.311545e+001
5.140000000000104e+000	-1.311545e+001
5.120000000000104e+000	-1.311545e+001
5.100000000000104e+000	-1.311545e+001
5.080000000000105e+000	-1.311545e+001
5.060000000000105e+000	-1.311545e+001
5.040000000000106e+000	-1.311545e+001
5.020000000000106e+000	-1.311545e+001
5.000000000000107e+000	-1.311545e+001
4.980000000000107e+000	-1.311545e+001
4.960000000000107e+000	-1.311545e+001
4.940000000000108e+000	-1.311545e+001
4.920000000000108e+000	-1.311545e+001
4.900000000000109e+000	-1.311545e+001
4.880000000000109e+000	-1.311545e+001
4.860000000000110e+000	-1.311545e+001
4.840000000000110e+000	-1.311545e+001
4.820000000000110e+000	-1.311545e+001
4.800000000000111e+000	-1.311545e+001
4.780000000000111e+000	-1.311545e+001
4.760000000000112e+000	-1.311545e+001
4.740000000000112e+000	-1.311545e+001
4.720000000000113e+000	-1.311545e+001
4.700000000000113e+000	-1.311545e+001
4.680000000000113e+000	-1.311545e+001
4.660000000000114e+000	-1.311545e+001
4.640000000000114e+000	-1.311545e+001
4.620000000000115e+000	-1.311545e+001
4.600000000000115e+000	-1.311545e+001
4.580000000000116e+000	-1.311545e+001
4.560000000000116e+000	-1.311545e+001
4.540000000000116e+000	-1.311545e+001
4.520000000000117e+000	-1.311545e+001
4.500000000000117e+000	-1.311545e+001
4.480000000000118e+000	-1.311545e+001
4.460000000000118e+000	-1.311545e+001
4.440000000000119e+000	-1.311545e+001
4.420000000000119e+000	-1.311545e+001
4.400000000000119e+000	-1.311545e+001
4.380000000000120e+000	-1.311545e+001
4.360000000000120e+000	-1.311545e+001
4.340000000000121e+000	-1.311545e+001
4.320000000000121e+000	-1.311545e+001
4.300000000000122e+000	-1.311545e+001
4.280000000000122e+000	-1.311545e+001
4.260000000000122e+000	-1.311545e+001
4.240000000000123e+000	-1.311545e+001
4.220000000000123e+000	-1.311545e+001
4.200000000000124e+000	-1.311545e+001
4.180000000000124e+000	-1.311545e+001
4.160000000000125e+000	-1.311545e+001
4.140000000000125e+000	-1.311545e+001
4.120000000000125e+000	-1.311545e+001
4.100000000000126e+000	-1.311545e+001
4.080000000000126e+000	-1.311545e+001
4.060000000000127e+000	-1.311545e+001
4.040000000000127e+000	-1.311545e+001
4.020000000000128e+000	-1.311545e+001
4.000000000000128e+000	-1.311545e+001
3.980000000000128e+000	-1.311545e+001
3.960000000000128e+000	-1.311545e+001
3.940000000000128e+000	-1.311545e+001
3.920000000000128e+000	-1.311545e+001
3.900000000000128e+000	-1.311545e+001
3.880000000000128e+000	-1.311545e+001
3.860000000000128e+000	-1.311545e+001
3.840000000000128e+000	-1.311545e+001
3.820000000000128e+000	-1.311545e+001
3.800000000000128e+000	-1.311545e+001
3.780000000000128e+000	-1.311545e+001
3.760000000000128e+000	-1.311545e+001
3.740000000000128e+000	-1.311545e+001
3.720000000000128e+000	-1.311545e+001
3.700000000000128e+000	-1.311545e+001
3.680000000000128e+000	-1.311545e+001
3.660000000000128e+000	-1.311545e+001
3.640000000000128e+000	-1.311545e+001
3.620000000000128e+000	-1.311545e+001
3.600000000000128e+000	-1.311545e+001
3.580000000000128e+000	-1.311545e+001
3.560000000000128e+000	-1.311545e+001
3.540000000000128e+000	-1.311545e+001
3.520000000000128e+000	-1.311545e+001
3.500000000000128e+000	-1.311545e+001
3.480000000000127e+000	-1.311545e+001
3.460000000000127e+000	-1.311545e+001
3.440000000000127e+000	-1.311545e+001
3.420000000000127e+000	-1.311545e+001
3.400000000000127e+000	-1.311545e+001
3.380000000000127e+000	-1.311545e+001
3.360000000000127e+000	-1.311545e+001
3.340000000000127e+000	-1.311545e+001
3.320000000000127e+000	-1.311545e+001
3.300000000000127e+000	-1.311545e+001
3.280000000000127e+000	-1.311545e+001
3.260000000000127e+000	-1.311545e+001
3.240000000000127e+000	-1.311545e+001
3.220000000000127e+000	-1.311545e+001
3.200000000000127e+000	-1.311545e+001
3.180000000000127e+000	-1.311545e+001
3.160000000000127e+000	-1.311545e+001
3.140000000000127e+000	-1.311545e+001
3.120000000000127e+000	-1.311545e+001
3.100000000000127e+000	-1.311545e+001
3.080000000000127e+000	-1.311545e+001
3.060000000000127e+000	-1.311545e+001
3.040000000000127e+000	-1.311545e+001
3.020000000000127e+000	-1.311545e+001
3.000000000000127e+000	-1.311545e+001
2.980000000000127e+000	-1.311545e+001
2.960000000000127e+000	-1.311545e+001
2.940000000000127e+000	-1.311545e+001
2.920000000000127e+000	-1.311545e+001
2.900000000000127e+000	-1.311545e+001
2.880000000000127e+000	-1.311545e+001
2.860000000000127e+000	-1.311545e+001
2.840000000000127e+000	-1.311545e+001
2.820000000000127e+000	-1.311545e+001
2.800000000000127e+000	-1.311545e+001
2.780000000000127e+000	-1.311545e+001
2.760000000000127e+000	-1.311545e+001
2.740000000000127e+000	-1.311545e+001
2.720000000000127e+000	-1.311545e+001
2.700000000000127e+000	-1.311545e+001
2.680000000000127e+000	-1.311545e+001
2.660000000000127e+000	-1.311545e+001
2.640000000000127e+000	-1.311545e+001
2.620000000000127e+000	-1.311545e+001
2.600000000000127e+000	-1.311545e+001
2.580000000000127e+000	-1.311545e+001
2.560000000000127e+000	-1.311545e+001
2.540000000000127e+000	-1.311545e+001
2.520000000000127e+000	-1.311545e+001
2.500000000000127e+000	-1.311545e+001
2.480000000000127e+000	-1.311545e+001
2.460000000000127e+000	-1.311545e+001
2.440000000000127e+000	-1.311545e+001
2.420000000000127e+000	-1.311545e+001
2.400000000000127e+000	-1.311545e+001
2.380000000000127e+000	-1.311545e+001
2.360000000000126e+000	-1.311545e+001
2.340000000000126e+000	-1.311545e+001
2.320000000000126e+000	-1.311545e+001
2.300000000000126e+000	-1.311545e+001
2.280000000000126e+000	-1.311545e+001
2.260000000000126e+000	-1.311545e+001
2.240000000000126e+000	-1.311545e+001
2.220000000000126e+000	-1.311545e+001
2.200000000000126e+000	-1.311545e+001
2.180000000000126e+000	-1.311545e+001
2.160000000000126e+000	-1.311545e+001
2.140000000000126e+000	-1.311545e+001
2.120000000000126e+000	-1.311545e+001
2.100000000000126e+000	-1.311545e+001
2.080000000000126e+000	-1.311545e+001
2.060000000000126e+000	-1.311545e+001
2.040000000000126e+000	-1.311545e+001
2.020000000000126e+000	-1.311545e+001
2.000000000000126e+000	-1.311545e+001
1.980000000000126e+000	-1.311545e+001
1.960000000000126e+000	-1.311545e+001
1.940000000000126e+000	-1.311545e+001
1.920000000000126e+000	-1.311545e+001
1.900000000000126e+000	-1.311545e+001
1.880000000000126e+000	-1.311545e+001
1.860000000000126e+000	-1.311545e+001
1.840000000000126e+000	-1.311545e+001
1.820000000000126e+000	-1.311545e+001
1.800000000000126e+000	-1.311545e+001
1.780000000000126e+000	-1.311545e+001
1.760000000000126e+000	-1.311545e+001
1.740000000000126e+000	-1.311545e+001
1.720000000000126e+000	-1.311545e+001
1.700000000000126e+000	-1.311545e+001
1.680000000000126e+000	-1.311545e+001
1.660000000000126e+000	-1.311545e+001
1.640000000000126e+000	-1.311545e+001
1.620000000000126e+000	-1.311545e+001
1.600000000000126e+000	-1.311545e+001
1.580000000000126e+000	-1.311545e+001
1.560000000000126e+000	-1.311545e+001
1.540000000000126e+000	-1.311545e+001
1.520000000000126e+000	-1.311545e+001
1.500000000000126e+000	-1.311545e+001
1.480000000000126e+000	-1.311545e+001
1.460000000000126e+000	-1.311545e+001
1.440000000000126e+000	-1.311545e+001
1.420000000000126e+000	-1.311545e+001
1.400000000000126e+000	-1.311545e+001
1.380000000000126e+000	-1.311545e+001
1.360000000000126e+000	-1.311545e+001
1.340000000000126e+000	-1.311545e+001
1.320000000000126e+000	-1.311545e+001
1.300000000000126e+000	-1.311545e+001
1.280000000000126e+000	-1.311545e+001
1.260000000000126e+000	-1.311545e+001
1.240000000000125e+000	-1.311545e+001
1.220000000000125e+000	-1.311545e+001
1.200000000000125e+000	-1.311545e+001
1.180000000000125e+000	-1.311545e+001
1.160000000000125e+000	-1.311545e+001
1.140000000000125e+000	-1.311545e+001
1.120000000000125e+000	-1.311545e+001
1.100000000000125e+000	-1.311545e+001
1.080000000000125e+000	-1.311545e+001
1.060000000000125e+000	-1.311545e+001
1.040000000000125e+000	-1.311545e+001
1.020000000000125e+000	-1.311545e+001
1.000000000000125e+000	-1.311545e+001
9.800000000001252e-001	-1.311545e+001
9.600000000001252e-001	-1.311545e+001
9.400000000001252e-001	-1.311545e+001
9.200000000001252e-001	-1.311545e+001
9.000000000001251e-001	-1.311545e+001
8.800000000001251e-001	-1.311545e+001
8.600000000001251e-001	-1.311545e+001
8.400000000001251e-001	-1.311545e+001
8.200000000001251e-001	-1.311545e+001
8.000000000001251e-001	-1.311545e+001
7.800000000001250e-001	-1.311545e+001
7.600000000001250e-001	-1.311545e+001
7.400000000001250e-001	-1.311545e+001
7.200000000001250e-001	-1.311545e+001
7.000000000001250e-001	-1.311545e+001
6.800000000001250e-001	-1.311545e+001
6.600000000001249e-001	-1.311545e+001
6.400000000001249e-001	-1.311545e+001
6.200000000001249e-001	-1.311545e+001
6.000000000001249e-001	-1.311545e+001
5.800000000001249e-001	-1.311545e+001
5.600000000001248e-001	-1.311545e+001
5.400000000001248e-001	-1.311545e+001
5.200000000001248e-001	-1.311545e+001
5.000000000001248e-001	-1.311545e+001
4.800000000001248e-001	-1.311545e+001
4.600000000001248e-001	-1.311545e+001
4.400000000001247e-001	-1.311545e+001
4.200000000001247e-001	-1.311545e+001
4.000000000001247e-001	-1.311545e+001
3.800000000001247e-001	-1.311545e+001
3.600000000001247e-001	-1.311545e+001
3.400000000001247e-001	-1.311545e+001
3.200000000001246e-001	-1.311545e+001
3.000000000001246e-001	-1.311545e+001
2.800000000001246e-001	-1.311545e+001
2.600000000001246e-001	-1.311545e+001
2.400000000001246e-001	-1.311545e+001
2.200000000001246e-001	-1.311545e+001
2.000000000001246e-001	-1.311545e+001
1.800000000001246e-001	-1.311545e+001
1.600000000001246e-001	-1.311545e+001
1.400000000001246e-001	-1.311545e+001
1.200000000001246e-001	-1.311545e+001
1.000000000001246e-001	-1.311545e+001
8.000000000012462e-002	-1.311545e+001
6.000000000012462e-002	-1.311545e+001
4.000000000012462e-002	-1.311545e+001
2.000000000012462e-002	-1.311545e+001
1.246155956202699e-013	-1.311545e+001
-1.999999999987539e-002	-1.311545e+001
-3.999999999987539e-002	-1.311545e+001
-5.999999999987539e-002	-1.311545e+001
-7.999999999987539e-002	-1.311545e+001
-9.999999999987540e-002	-1.311545e+001
-1.199999999998754e-001	-1.311545e+001
-1.399999999998754e-001	-1.311545e+001
-1.599999999998754e-001	-1.311545e+001
-1.799999999998754e-001	-1.311545e+001
-1.999999999998754e-001	-1.311545e+001
-2.199999999998754e-001	-1.311545e+001
-2.399999999998753e-001	-1.311545e+001
-2.599999999998753e-001	-1.311545e+001
-2.799999999998754e-001	-1.311545e+001
-2.999999999998754e-001	-1.311545e+001
-3.199999999998754e-001	-1.311545e+001
-3.399999999998754e-001	-1.311545e+001
-3.599999999998754e-001	-1.311545e+001
-3.799999999998754e-001	-1.311545e+001
-3.999999999998755e-001	-1.311545e+001
-4.199999999998755e-001	-1.311545e+001
-4.399999999998755e-001	-1.311545e+001
-4.599999999998755e-001	-1.311545e+001
-4.799999999998755e-001	-1.311545e+001
-4.999999999998755e-001	-1.311545e+001
-5.199999999998756e-001	-1.311545e+001
-5.399999999998756e-001	-1.311545e+001
-5.599999999998756e-001	-1.311545e+001
-5.799999999998756e-001	-1.311545e+001
-5.999999999998756e-001	-1.311545e+001
-6.199999999998757e-001	-1.311545e+001
-6.399999999998757e-001	-1.311545e+001
-6.599999999998757e-001	-1.311545e+001
-6.799999999998757e-001	-1.311545e+001
-6.999999999998757e-001	-1.311545e+001
-7.199999999998757e-001	-1.311545e+001
-7.399999999998758e-001	-1.311545e+001
-7.599999999998758e-001	-1.311545e+001
-7.799999999998758e-001	-1.311545e+001
-7.999999999998758e-001	-1.311545e+001
-8.199999999998758e-001	-1.311545e+001
-8.399999999998759e-001	-1.311545e+001
-8.599999999998759e-001	-1.311545e+001
-8.799999999998759e-001	-1.311545e+001
-8.999999999998759e-001	-1.311545e+001
-9.199999999998759e-001	-1.311545e+001
-9.399999999998759e-001	-1.311545e+001
-9.599999999998760e-001	-1.311545e+001
-9.799999999998760e-001	-1.311545e+001
-9.999999999998760e-001	-1.311545e+001
-1.019999999999876e+000	-1.311545e+001
-1.039999999999876e+000	-1.311545e+001
-1.059999999999876e+000	-1.311545e+001
-1.079999999999876e+000	-1.311545e+001
-1.099999999999876e+000	-1.311545e+001
-1.119999999999876e+000	-1.311545e+001
-1.139999999999876e+000	-1.311545e+001
-1.159999999999876e+000	-1.311545e+001
-1.179999999999876e+000	-1.311545e+001
-1.199999999999876e+000	-1.311545e+001
-1.219999999999876e+000	-1.311545e+001
-1.239999999999876e+000	-1.311545e+001
-1.259999999999876e+000	-1.311545e+001
-1.279999999999876e+000	-1.311545e+001
-1.299999999999876e+000	-1.311545e+001
-1.319999999999876e+000	-1.311545e+001
-1.339999999999876e+000	-1.311545e+001
-1.359999999999876e+000	-1.311545e+001
-1.379999999999876e+000	-1.311545e+001
-1.399999999999876e+000	-1.311545e+001
-1.419999999999876e+000	-1.311545e+001
-1.439999999999876e+000	-1.311545e+001
-1.459999999999876e+000	-1.311545e+001
-1.479999999999876e+000	-1.311545e+001
-1.499999999999876e+000	-1.311545e+001
-1.519999999999876e+000	-1.311545e+001
-1.539999999999876e+000	-1.311545e+001
-1.559999999999876e+000	-1.311545e+001
-1.579999999999876e+000	-1.311545e+001
-1.599999999999876e+000	-1.311545e+001
-1.619999999999876e+000	-1.311545e+001
-1.639999999999876e+000	-1.311545e+001
-1.659999999999877e+000	-1.311545e+001
-1.679999999999877e+000	-1.311545e+001
-1.699999999999877e+000	-1.311545e+001
-1.719999999999877e+000	-1.311545e+001
-1.739999999999877e+000	-1.311545e+001
-1.759999999999877e+000	-1.311545e+001
-1.779999999999877e+000	-1.311545e+001
-1.799999999999877e+000	-1.311545e+001
-1.819999999999877e+000	-1.311545e+001
-1.839999999999877e+000	-1.311545e+001
-1.859999999999877e+000	-1.311545e+001
-1.879999999999877e+000	-1.311545e+001
-1.899999999999877e+000	-1.311545e+001
-1.919999999999877e+000	-1.311545e+001
-1.939999999999877e+000	-1.311545e+001
-1.959999999999877e+000	-1.311545e+001
-1.979999999999877e+000	-1.311545e+001
-1.999999999999877e+000	-1.311545e+001
-2.019999999999877e+000	-1.311545e+001
-2.039999999999877e+000	-1.311545e+001
-2.059999999999877e+000	-1.311545e+001
-2.079999999999877e+000	-1.311545e+001
-2.099999999999877e+000	-1.311545e+001
-2.119999999999877e+000	-1.311545e+001
-2.139999999999877e+000	-1.311545e+001
-2.159999999999877e+000	-1.311545e+001
-2.179999999999877e+000	-1.311545e+001
-2.199999999999877e+000	-1.311545e+001
-2.219999999999877e+000	-1.311545e+001
-2.239999999999877e+000	-1.311545e+001
-2.259999999999877e+000	-1.311545e+001
-2.279999999999877e+000	-1.311545e+001
-2.299999999999877e+000	-1.311545e+001
-2.319999999999877e+000	-1.311545e+001
-2.339999999999877e+000	-1.311545e+001
-2.359999999999877e+000	-1.311545e+001
-2.379999999999877e+000	-1.311545e+001
-2.399999999999877e+000	-1.311545e+001
-2.419999999999877e+000	-1.311545e+001
-2.439999999999877e+000	-1.311545e+001
-2.459999999999877e+000	-1.311545e+001
-2.479999999999877e+000	-1.311545e+001
-2.499999999999877e+000	-1.311545e+001
-2.519999999999877e+000	-1.311545e+001
-2.539999999999877e+000	-1.311545e+001
-2.559999999999877e+000	-1.311545e+001
-2.579999999999877e+000	-1.311545e+001
-2.599999999999877e+000	-1.311545e+001
-2.619999999999877e+000	-1.311545e+001
-2.639999999999877e+000	-1.311545e+001
-2.659999999999877e+000	-1.311545e+001
-2.679999999999877e+000	-1.311545e+001
-2.699999999999877e+000	-1.311545e+001
-2.719999999999877e+000	-1.311545e+001
-2.739999999999877e+000	-1.311545e+001
-2.759999999999877e+000	-1.311545e+001
-2.779999999999877e+000	-1.311545e+001
-2.799999999999877e+000	-1.311545e+001
-2.819999999999877e+000	-1.311545e+001
-2.839999999999877e+000	-1.311545e+001
-2.859999999999877e+000	-1.311545e+001
-2.879999999999877e+000	-1.311545e+001
-2.899999999999877e+000	-1.311545e+001
-2.919999999999877e+000	-1.311545e+001
-2.939999999999877e+000	-1.311545e+001
-2.959999999999877e+000	-1.311545e+001
-2.979999999999877e+000	-1.311545e+001
-2.999999999999877e+000	-1.311545e+001
-3.019999999999877e+000	-1.311545e+001
-3.039999999999878e+000	-1.311545e+001
-3.059999999999878e+000	-1.311545e+001
-3.079999999999878e+000	-1.311545e+001
-3.099999999999878e+000	-1.311545e+001
-3.119999999999878e+000	-1.311545e+001
-3.139999999999878e+000	-1.311545e+001
-3.159999999999878e+000	-1.311545e+001
-3.179999999999878e+000	-1.311545e+001
-3.199999999999878e+000	-1.311545e+001
-3.219999999999878e+000	-1.311545e+001
-3.239999999999878e+000	-1.311545e+001
-3.259999999999878e+000	-1.311545e+001
-3.279999999999878e+000	-1.311545e+001
-3.299999999999878e+000	-1.311545e+001
-3.319999999999878e+000	-1.311545e+001
-3.339999999999878e+000	-1.311545e+001
-3.359999999999878e+000	-1.311545e+001
-3.379999999999878e+000	-1.311545e+001
-3.399999999999878e+000	-1.311545e+001
-3.419999999999878e+000	-1.311545e+001
-3.439999999999878e+000	-1.311545e+001
-3.459999999999878e+000	-1.311545e+001
-3.479999999999878e+000	-1.311545e+001
-3.499999999999878e+000	-1.311545e+001
-3.519999999999878e+000	-1.311545e+001
-3.539999999999878e+000	-1.311545e+001
-3.559999999999878e+000	-1.311545e+001
-3.579999999999878e+000	-1.311545e+001
-3.599999999999878e+000	-1.311545e+001
-3.619999999999878e+000	-1.311545e+001
-3.639999999999878e+000	-1.311545e+001
-3.659999999999878e+000	-1.311545e+001
-3.679999999999878e+000	-1.311545e+001
-3.699999999999878e+000	-1.311545e+001
-3.719999999999878e+000	-1.311545e+001
-3.739999999999878e+000	-1.311545e+001
-3.759999999999878e+000	-1.311545e+001
-3.779999999999878e+000	-1.311545e+001
-3.799999999999878e+000	-1.311545e+001
-3.819999999999878e+000	-1.311545e+001
-3.839999999999878e+000	-1.311545e+001
-3.859999999999878e+000	-1.311545e+001
-3.879999999999878e+000	-1.311545e+001
-3.899999999999878e+000	-1.311545e+001
-3.919999999999878e+000	-1.311545e+001
-3.939999999999878e+000	-1.311545e+001
-3.959999999999878e+000	-1.311545e+001
-3.979999999999878e+000	-1.311545e+001
-3.999999999999878e+000	-1.311545e+001
-4.019999999999878e+000	-1.311545e+001
-4.039999999999878e+000	-1.311545e+001
-4.059999999999877e+000	-1.311545e+001
-4.079999999999877e+000	-1.311545e+001
-4.099999999999876e+000	-1.311545e+001
-4.119999999999876e+000	-1.311545e+001
-4.139999999999875e+000	-1.311545e+001
-4.159999999999875e+000	-1.311545e+001
-4.179999999999875e+000	-1.311545e+001
-4.199999999999874e+000	-1.311545e+001
-4.219999999999874e+000	-1.311545e+001
-4.239999999999873e+000	-1.311545e+001
-4.259999999999873e+000	-1.311545e+001
-4.279999999999872e+000	-1.311545e+001
-4.299999999999872e+000	-1.311545e+001
-4.319999999999872e+000	-1.311545e+001
-4.339999999999871e+000	-1.311545e+001
-4.359999999999871e+000	-1.311545e+001
-4.379999999999870e+000	-1.311545e+001
-4.399999999999870e+000	-1.311545e+001
-4.419999999999869e+000	-1.311545e+001
-4.439999999999869e+000	-1.311545e+001
-4.459999999999869e+000	-1.311545e+001
-4.479999999999868e+000	-1.311545e+001
-4.499999999999868e+000	-1.311545e+001
-4.519999999999867e+000	-1.311545e+001
-4.539999999999867e+000	-1.311545e+001
-4.559999999999866e+000	-1.311545e+001
-4.579999999999866e+000	-1.311545e+001
-4.599999999999866e+000	-1.311545e+001
-4.619999999999865e+000	-1.311545e+001
-4.639999999999865e+000	-1.311545e+001
-4.659999999999864e+000	-1.311545e+001
-4.679999999999864e+000	-1.311545e+001
-4.699999999999863e+000	-1.311545e+001
-4.719999999999863e+000	-1.311545e+001
-4.739999999999863e+000	-1.311545e+001
-4.759999999999862e+000	-1.311545e+001
-4.779999999999862e+000	-1.311545e+001
-4.799999999999861e+000	-1.311545e+001
-4.819999999999861e+000	-1.311545e+001
-4.839999999999860e+000	-1.311545e+001
-4.859999999999860e+000	-1.311545e+001
-4.879999999999860e+000	-1.311545e+001
-4.899999999999859e+000	-1.311545e+001
-4.919999999999859e+000	-1.311544e+001
-4.939999999999858e+000	-1.311544e+001
-4.959999999999858e+000	-1.311544e+001
-4.979999999999857e+000	-1.311543e+001
-4.999999999999857e+000	-1.311543e+001
-5.019999999999857e+000	-1.311542e+001
-5.039999999999856e+000	-1.311523e+001
-5.059999999999856e+000	1.268632e+001
-5.079999999999855e+000	1.268632e+001
-5.099999999999855e+000	1.268632e+001
-5.119999999999854e+000	1.268632e+001
-5.139999999999854e+000	1.268632e+001
-5.159999999999854e+000	1.268632e+001
-5.179999999999853e+000	1.268632e+001
-5.199999999999853e+000	1.268632e+001
-5.219999999999852e+000	1.268632e+001
-5.239999999999852e+000	1.268632e+001
-5.259999999999852e+000	1.268632e+001
-5.279999999999851e+000	1.268632e+001
-5.299999999999851e+000	1.268632e+001
-5.319999999999850e+000	1.268632e+001
-5.339999999999850e+000	1.268632e+001
-5.359999999999849e+000	1.268632e+001
-5.379999999999849e+000	1.268632e+001
-5.399999999999849e+000	1.268632e+001
-5.419999999999848e+000	1.268632e+001
-5.439999999999848e+000	1.268632e+001
-5.459999999999847e+000	1.268632e+001
-5.479999999999847e+000	1.268632e+001
-5.499999999999846e+000	1.268632e+001
-5.519999999999846e+000	1.268632e+001
-5.539999999999846e+000	1.268632e+001
-5.559999999999845e+000	1.268632e+001
-5.579999999999845e+000	1.268632e+001
-5.599999999999844e+000	1.268632e+001
-5.619999999999844e+000	1.268632e+001
-5.639999999999843e+000	1.268632e+001
-5.659999999999843e+000	1.268632e+001
-5.679999999999843e+000	1.268632e+001
-5.699999999999842e+000	1.268632e+001
-5.719999999999842e+000	1.268632e+001
-5.739999999999841e+000	1.268632e+001
-5.759999999999841e+000	1.268632e+001
-5.779999999999840e+000	1.268632e+001
-5.799999999999840e+000	1.268632e+001
-5.819999999999840e+000	1.268632e+001
-5.839999999999839e+000	1.268632e+001
-5.859999999999839e+000	1.268632e+001
-5.879999999999838e+000	1.268632e+001
-5.899999999999838e+000	1.268632e+001
-5.919999999999837e+000	1.268632e+001
-5.939999999999837e+000	1.268632e+001
-5.959999999999837e+000	1.268632e+001
-5.979999999999836e+000	1.268632e+001
-5.999999999999836e+000	1.268632e+001
-6.019999999999835e+000	1.268632e+001
-6.039999999999835e+000	1.268632e+001
-6.059999999999834e+000	1.268632e+001
-6.079999999999834e+000	1.268632e+001
-6.099999999999834e+000	1.268632e+001
-6.119999999999833e+000	1.268632e+001
-6.139999999999833e+000	1.268632e+001
-6.159999999999832e+000	1.268632e+001
-6.179999999999832e+000	1.268632e+001
-6.199999999999831e+000	1.268632e+001
-6.219999999999831e+000	1.268632e+001
-6.239999999999831e+000	1.268632e+001
-6.259999999999830e+000	1.268632e+001
-6.279999999999830e+000	1.268632e+001
-6.299999999999829e+000	1.268632e+001
-6.319999999999829e+000	1.268632e+001
-6.339999999999828e+000	1.268632e+001
-6.359999999999828e+000	1.268632e+001
-6.379999999999828e+000	1.268632e+001
-6.399999999999827e+000	1.268632e+001
-6.419999999999827e+000	1.268632e+001
-6.439999999999826e+000	1.268632e+001
-6.459999999999826e+000	1.268632e+001
-6.479999999999826e+000	1.268632e+001
-6.499999999999825e+000	1.268632e+001
-6.519999999999825e+000	1.268632e+001
-6.539999999999824e+000	1.268632e+001
-6.559999999999824e+000	1.268632e+001
-6.579999999999823e+000	1.268632e+001
-6.599999999999823e+000	1.268632e+001
-6.619999999999823e+000	1.268632e+001
-6.639999999999822e+000	1.268632e+001
-6.659999999999822e+000	1.268632e+001
-6.679999999999821e+000	1.268632e+001
-6.699999999999821e+000	1.268632e+001
-6.719999999999820e+000	1.268632e+001
-6.739999999999820e+000	1.268632e+001
-6.759999999999820e+000	1.268632e+001
-6.779999999999819e+000	1.268632e+001
-6.799999999999819e+000	1.268632e+001
-6.819999999999818e+000	1.268632e+001
-6.839999999999818e+000	1.268632e+001
-6.859999999999817e+000	1.268632e+001
-6.879999999999817e+000	1.268632e+001
-6.899999999999817e+000	1.268632e+001
-6.919999999999816e+000	1.268632e+001
-6.939999999999816e+000	1.268632e+001
-6.959999999999815e+000	1.268632e+001
-6.979999999999815e+000	1.268632e+001
-6.999999999999814e+000	1.268632e+001
-7.019999999999814e+000	1.268632e+001
-7.039999999999814e+000	1.268632e+001
-7.059999999999813e+000	1.268632e+001
-7.079999999999813e+000	1.268632e+001
-7.099999999999812e+000	1.268632e+001
-7.119999999999812e+000	1.268632e+001
-7.139999999999811e+000	1.268632e+001
-7.159999999999811e+000	1.268632e+001
-7.179999999999811e+000	1.268632e+001
-7.199999999999810e+000	1.268632e+001
-7.219999999999810e+000	1.268632e+001
-7.239999999999809e+000	1.268632e+001
-7.259999999999809e+000	1.268632e+001
-7.279999999999808e+000	1.268632e+001
-7.299999999999808e+000	1.268632e+001
-7.319999999999808e+000	1.268632e+001
-7.339999999999807e+000	1.268632e+001
-7.359999999999807e+000	1.268632e+001
-7.379999999999806e+000	1.268632e+001
-7.399999999999806e+000	1.268632e+001
-7.419999999999805e+000	1.268632e+001
-7.439999999999805e+000	1.268632e+001
-7.459999999999805e+000	1.268632e+001
-7.479999999999804e+000	1.268632e+001
-7.499999999999804e+000	1.268632e+001
-7.519999999999803e+000	1.268632e+001
-7.539999999999803e+000	1.268632e+001
-7.559999999999802e+000	1.268632e+001
-7.579999999999802e+000	1.268632e+001
-7.599999999999802e+000	1.268632e+001
-7.619999999999801e+000	1.268632e+001
-7.639999999999801e+000	1.268632e+001
-7.659999999999800e+000	1.268632e+001
-7.679999999999800e+000	1.268632e+001
-7.699999999999799e+000	1.268632e+001
-7.719999999999799e+000	1.268632e+001
-7.739999999999799e+000	1.268632e+001
-7.759999999999798e+000	1.268632e+001
-7.779999999999798e+000	1.268632e+001
-7.799999999999797e+000	1.268632e+001
-7.819999999999797e+000	1.268632e+001
-7.839999999999797e+000	1.268632e+001
-7.859999999999796e+000	1.268632e+001
-7.879999999999796e+000	1.268632e+001
-7.899999999999795e+000	1.268632e+001
-7.919999999999795e+000	1.268632e+001
-7.939999999999794e+000	1.268632e+001
-7.959999999999794e+000	1.268632e+001
-7.979999999999794e+000	1.268632e+001
-7.999999999999793e+000	1.268632e+001
-8.019999999999794e+000	1.268632e+001
-8.039999999999793e+000	1.268632e+001
-8.059999999999793e+000	1.268632e+001
-8.079999999999792e+000	1.268632e+001
-8.099999999999792e+000	1.268632e+001
-8.119999999999791e+000	1.268632e+001
-8.139999999999791e+000	1.268632e+001
-8.159999999999791e+000	1.268632e+001
-8.179999999999790e+000	1.268632e+001
-8.199999999999790e+000	1.268632e+001
-8.219999999999789e+000	1.268632e+001
-8.239999999999789e+000	1.268632e+001
-8.259999999999788e+000	1.268632e+001
-8.279999999999788e+000	1.268632e+001
-8.299999999999788e+000	1.268632e+001
-8.319999999999787e+000	1.268632e+001
-8.339999999999787e+000	1.268632e+001
-8.359999999999786e+000	1.268632e+001
-8.379999999999786e+000	1.268632e+001
-8.399999999999785e+000	1.268632e+001
-8.419999999999785e+000	1.268632e+001
-8.439999999999785e+000	1.268632e+001
-8.459999999999784e+000	1.268632e+001
-8.479999999999784e+000	1.268632e+001
-8.499999999999783e+000	1.268632e+001
-8.519999999999783e+000	1.268632e+001
-8.539999999999782e+000	1.268632e+001
-8.559999999999782e+000	1.268632e+001
-8.579999999999782e+000	1.268632e+001
-8.599999999999781e+000	1.268632e+001
-8.619999999999781e+000	1.268632e+001
-8.639999999999780e+000	1.268632e+001
-8.659999999999780e+000	1.268632e+001
-8.679999999999779e+000	1.268632e+001
-8.699999999999779e+000	1.268632e+001
-8.719999999999779e+000	1.268632e+001
-8.739999999999778e+000	1.268632e+001
-8.759999999999778e+000	1.268632e+001
-8.779999999999777e+000	1.268632e+001
-8.799999999999777e+000	1.268632e+001
-8.819999999999777e+000	1.268632e+001
-8.839999999999776e+000	1.268632e+001
-8.859999999999776e+000	1.268632e+001
-8.879999999999775e+000	1.268632e+001
-8.899999999999775e+000	1.268632e+001
-8.919999999999774e+000	1.268632e+001
-8.939999999999774e+000	1.268632e+001
-8.959999999999774e+000	1.268632e+001
-8.979999999999773e+000	1.268632e+001
-8.999999999999773e+000	1.268632e+001
-9.019999999999772e+000	1.268632e+001
-9.039999999999772e+000	1.268632e+001
-9.059999999999771e+000	1.268632e+001
-9.079999999999771e+000	1.268632e+001
-9.099999999999771e+000	1.268632e+001
-9.119999999999770e+000	1.268632e+001
-9.139999999999770e+000	1.268632e+001
-9.159999999999769e+000	1.268632e+001
-9.179999999999769e+000	1.268632e+001
-9.199999999999768e+000	1.268632e+001
-9.219999999999768e+000	1.268632e+001
-9.239999999999768e+000	1.268632e+001
-9.259999999999767e+000	1.268632e+001
-9.279999999999767e+000	1.268632e+001
-9.299999999999766e+000	1.268632e+001
-9.319999999999766e+000	1.268632e+001
-9.339999999999765e+000	1.268632e+001
-9.359999999999765e+000	1.268632e+001
-9.379999999999765e+000	1.268632e+001
-9.399999999999764e+000	1.268632e+001
-9.419999999999764e+000	1.268632e+001
-9.439999999999763e+000	1.268632e+001
-9.459999999999763e+000	1.268632e+001
-9.479999999999762e+000	1.268632e+001
-9.499999999999762e+000	1.268632e+001
-9.519999999999762e+000	1.268632e+001
-9.539999999999761e+000	1.268632e+001
-9.559999999999761e+000	1.268632e+001
-9.579999999999760e+000	1.268632e+001
-9.599999999999760e+000	1.268632e+001
-9.619999999999759e+000	1.268632e+001
-9.639999999999759e+000	1.268632e+001
-9.659999999999759e+000	1.268632e+001
-9.679999999999758e+000	1.268632e+001
-9.699999999999758e+000	1.268632e+001
-9.719999999999757e+000	1.268632e+001
-9.739999999999757e+000	1.268632e+001
-9.759999999999756e+000	1.268632e+001
-9.779999999999756e+000	1.268632e+001
-9.799999999999756e+000	1.268632e+001
-9.819999999999755e+000	1.268632e+001
-9.839999999999755e+000	1.268632e+001
-9.859999999999754e+000	1.268632e+001
-9.879999999999754e+000	1.268632e+001
-9.899999999999753e+000	1.268632e+001
-9.919999999999753e+000	1.268632e+001
-9.939999999999753e+000	1.268632e+001
-9.959999999999752e+000	1.268632e+001
-9.979999999999752e+000	1.268632e+001
-1.000000000000000e+001	1.268632e+001
