v1	V(n003)
1.500000000000000e+001	-1.311215e+001
1.497000000000000e+001	-1.311215e+001
1.494000000000000e+001	-1.311215e+001
1.491000000000000e+001	-1.311215e+001
1.488000000000000e+001	-1.311215e+001
1.485000000000000e+001	-1.311215e+001
1.482000000000000e+001	-1.311215e+001
1.479000000000000e+001	-1.311215e+001
1.476000000000001e+001	-1.311215e+001
1.473000000000001e+001	-1.311215e+001
1.470000000000001e+001	-1.311215e+001
1.467000000000001e+001	-1.311215e+001
1.464000000000001e+001	-1.311215e+001
1.461000000000001e+001	-1.311215e+001
1.458000000000001e+001	-1.311215e+001
1.455000000000001e+001	-1.311215e+001
1.452000000000001e+001	-1.311215e+001
1.449000000000001e+001	-1.311215e+001
1.446000000000001e+001	-1.311215e+001
1.443000000000001e+001	-1.311215e+001
1.440000000000001e+001	-1.311215e+001
1.437000000000001e+001	-1.311215e+001
1.434000000000001e+001	-1.311215e+001
1.431000000000002e+001	-1.311215e+001
1.428000000000002e+001	-1.311215e+001
1.425000000000002e+001	-1.311215e+001
1.422000000000002e+001	-1.311215e+001
1.419000000000002e+001	-1.311215e+001
1.416000000000002e+001	-1.311215e+001
1.413000000000002e+001	-1.311215e+001
1.410000000000002e+001	-1.311215e+001
1.407000000000002e+001	-1.311215e+001
1.404000000000002e+001	-1.311215e+001
1.401000000000002e+001	-1.311215e+001
1.398000000000002e+001	-1.311215e+001
1.395000000000002e+001	-1.311215e+001
1.392000000000002e+001	-1.311215e+001
1.389000000000002e+001	-1.311215e+001
1.386000000000002e+001	-1.311215e+001
1.383000000000003e+001	-1.311215e+001
1.380000000000003e+001	-1.311215e+001
1.377000000000003e+001	-1.311215e+001
1.374000000000003e+001	-1.311215e+001
1.371000000000003e+001	-1.311215e+001
1.368000000000003e+001	-1.311215e+001
1.365000000000003e+001	-1.311215e+001
1.362000000000003e+001	-1.311215e+001
1.359000000000003e+001	-1.311215e+001
1.356000000000003e+001	-1.311215e+001
1.353000000000003e+001	-1.311215e+001
1.350000000000003e+001	-1.311215e+001
1.347000000000003e+001	-1.311215e+001
1.344000000000003e+001	-1.311215e+001
1.341000000000003e+001	-1.311215e+001
1.338000000000004e+001	-1.311215e+001
1.335000000000004e+001	-1.311215e+001
1.332000000000004e+001	-1.311215e+001
1.329000000000004e+001	-1.311215e+001
1.326000000000004e+001	-1.311215e+001
1.323000000000004e+001	-1.311215e+001
1.320000000000004e+001	-1.311215e+001
1.317000000000004e+001	-1.311215e+001
1.314000000000004e+001	-1.311215e+001
1.311000000000004e+001	-1.311215e+001
1.308000000000004e+001	-1.311215e+001
1.305000000000004e+001	-1.311215e+001
1.302000000000004e+001	-1.311215e+001
1.299000000000004e+001	-1.311215e+001
1.296000000000004e+001	-1.311215e+001
1.293000000000004e+001	-1.311215e+001
1.290000000000005e+001	-1.311215e+001
1.287000000000005e+001	-1.311215e+001
1.284000000000005e+001	-1.311215e+001
1.281000000000005e+001	-1.311215e+001
1.278000000000005e+001	-1.311215e+001
1.275000000000005e+001	-1.311215e+001
1.272000000000005e+001	-1.311215e+001
1.269000000000005e+001	-1.311215e+001
1.266000000000005e+001	-1.311215e+001
1.263000000000005e+001	-1.311215e+001
1.260000000000005e+001	-1.311215e+001
1.257000000000005e+001	-1.311215e+001
1.254000000000005e+001	-1.311215e+001
1.251000000000005e+001	-1.311215e+001
1.248000000000005e+001	-1.311215e+001
1.245000000000005e+001	-1.311215e+001
1.242000000000006e+001	-1.311215e+001
1.239000000000006e+001	-1.311215e+001
1.236000000000006e+001	-1.311215e+001
1.233000000000006e+001	-1.311215e+001
1.230000000000006e+001	-1.311215e+001
1.227000000000006e+001	-1.311215e+001
1.224000000000006e+001	-1.311215e+001
1.221000000000006e+001	-1.311215e+001
1.218000000000006e+001	-1.311215e+001
1.215000000000006e+001	-1.311215e+001
1.212000000000006e+001	-1.311215e+001
1.209000000000006e+001	-1.311215e+001
1.206000000000006e+001	-1.311215e+001
1.203000000000006e+001	-1.311215e+001
1.200000000000006e+001	-1.311215e+001
1.197000000000007e+001	-1.311215e+001
1.194000000000007e+001	-1.311215e+001
1.191000000000007e+001	-1.311215e+001
1.188000000000007e+001	-1.311215e+001
1.185000000000007e+001	-1.311215e+001
1.182000000000007e+001	-1.311215e+001
1.179000000000007e+001	-1.311215e+001
1.176000000000007e+001	-1.311215e+001
1.173000000000007e+001	-1.311215e+001
1.170000000000007e+001	-1.311215e+001
1.167000000000007e+001	-1.311215e+001
1.164000000000007e+001	-1.311215e+001
1.161000000000007e+001	-1.311215e+001
1.158000000000007e+001	-1.311215e+001
1.155000000000007e+001	-1.311215e+001
1.152000000000007e+001	-1.311215e+001
1.149000000000008e+001	-1.311215e+001
1.146000000000008e+001	-1.311215e+001
1.143000000000008e+001	-1.311215e+001
1.140000000000008e+001	-1.311215e+001
1.137000000000008e+001	-1.311215e+001
1.134000000000008e+001	-1.311215e+001
1.131000000000008e+001	-1.311215e+001
1.128000000000008e+001	-1.311215e+001
1.125000000000008e+001	-1.311215e+001
1.122000000000008e+001	-1.311215e+001
1.119000000000008e+001	-1.311215e+001
1.116000000000008e+001	-1.311215e+001
1.113000000000008e+001	-1.311215e+001
1.110000000000008e+001	-1.311215e+001
1.107000000000008e+001	-1.311215e+001
1.104000000000008e+001	-1.311215e+001
1.101000000000009e+001	-1.311215e+001
1.098000000000009e+001	-1.311215e+001
1.095000000000009e+001	-1.311215e+001
1.092000000000009e+001	-1.311215e+001
1.089000000000009e+001	-1.311215e+001
1.086000000000009e+001	-1.311215e+001
1.083000000000009e+001	-1.311215e+001
1.080000000000009e+001	-1.311215e+001
1.077000000000009e+001	-1.311215e+001
1.074000000000009e+001	-1.311215e+001
1.071000000000009e+001	-1.311215e+001
1.068000000000009e+001	-1.311215e+001
1.065000000000009e+001	-1.311215e+001
1.062000000000009e+001	-1.311215e+001
1.059000000000009e+001	-1.311215e+001
1.056000000000010e+001	-1.311215e+001
1.053000000000010e+001	-1.311215e+001
1.050000000000010e+001	-1.311215e+001
1.047000000000010e+001	-1.311215e+001
1.044000000000010e+001	-1.311215e+001
1.041000000000010e+001	-1.311215e+001
1.038000000000010e+001	-1.311215e+001
1.035000000000010e+001	-1.311215e+001
1.032000000000010e+001	-1.311215e+001
1.029000000000010e+001	-1.311215e+001
1.026000000000010e+001	-1.311215e+001
1.023000000000010e+001	-1.311215e+001
1.020000000000010e+001	-1.311215e+001
1.017000000000010e+001	-1.311215e+001
1.014000000000010e+001	-1.311215e+001
1.011000000000010e+001	-1.311215e+001
1.008000000000011e+001	-1.311215e+001
1.005000000000011e+001	-1.311215e+001
1.002000000000011e+001	-1.311215e+001
9.990000000000107e+000	-1.311215e+001
9.960000000000107e+000	-1.311215e+001
9.930000000000108e+000	-1.311215e+001
9.900000000000109e+000	-1.311215e+001
9.870000000000109e+000	-1.311215e+001
9.840000000000110e+000	-1.311215e+001
9.810000000000111e+000	-1.311215e+001
9.780000000000111e+000	-1.311215e+001
9.750000000000112e+000	-1.311215e+001
9.720000000000113e+000	-1.311215e+001
9.690000000000113e+000	-1.311215e+001
9.660000000000114e+000	-1.311215e+001
9.630000000000115e+000	-1.311215e+001
9.600000000000115e+000	-1.311215e+001
9.570000000000116e+000	-1.311215e+001
9.540000000000116e+000	-1.311215e+001
9.510000000000117e+000	-1.311215e+001
9.480000000000118e+000	-1.311215e+001
9.450000000000118e+000	-1.311215e+001
9.420000000000119e+000	-1.311215e+001
9.390000000000120e+000	-1.311215e+001
9.360000000000120e+000	-1.311215e+001
9.330000000000121e+000	-1.311215e+001
9.300000000000122e+000	-1.311215e+001
9.270000000000122e+000	-1.311215e+001
9.240000000000123e+000	-1.311215e+001
9.210000000000123e+000	-1.311215e+001
9.180000000000124e+000	-1.311215e+001
9.150000000000125e+000	-1.311215e+001
9.120000000000125e+000	-1.311215e+001
9.090000000000126e+000	-1.311215e+001
9.060000000000127e+000	-1.311215e+001
9.030000000000127e+000	-1.311215e+001
9.000000000000128e+000	-1.311215e+001
8.970000000000129e+000	-1.311215e+001
8.940000000000129e+000	-1.311215e+001
8.910000000000130e+000	-1.311215e+001
8.880000000000131e+000	-1.311215e+001
8.850000000000131e+000	-1.311215e+001
8.820000000000132e+000	-1.311215e+001
8.790000000000132e+000	-1.311215e+001
8.760000000000133e+000	-1.311215e+001
8.730000000000134e+000	-1.311215e+001
8.700000000000134e+000	-1.311215e+001
8.670000000000135e+000	-1.311215e+001
8.640000000000136e+000	-1.311215e+001
8.610000000000136e+000	-1.311215e+001
8.580000000000137e+000	-1.311215e+001
8.550000000000138e+000	-1.311215e+001
8.520000000000138e+000	-1.311215e+001
8.490000000000139e+000	-1.311215e+001
8.460000000000139e+000	-1.311215e+001
8.430000000000140e+000	-1.311215e+001
8.400000000000141e+000	-1.311215e+001
8.370000000000141e+000	-1.311215e+001
8.340000000000142e+000	-1.311215e+001
8.310000000000143e+000	-1.311215e+001
8.280000000000143e+000	-1.311215e+001
8.250000000000144e+000	-1.311215e+001
8.220000000000145e+000	-1.311215e+001
8.190000000000145e+000	-1.311215e+001
8.160000000000146e+000	-1.311215e+001
8.130000000000146e+000	-1.311215e+001
8.100000000000147e+000	-1.311215e+001
8.070000000000148e+000	-1.311215e+001
8.040000000000148e+000	-1.311215e+001
8.010000000000149e+000	-1.311215e+001
7.980000000000149e+000	-1.311215e+001
7.950000000000149e+000	-1.311215e+001
7.920000000000148e+000	-1.311215e+001
7.890000000000148e+000	-1.311215e+001
7.860000000000148e+000	-1.311215e+001
7.830000000000148e+000	-1.311215e+001
7.800000000000147e+000	-1.311215e+001
7.770000000000147e+000	-1.311215e+001
7.740000000000147e+000	-1.311215e+001
7.710000000000147e+000	-1.311215e+001
7.680000000000146e+000	-1.311215e+001
7.650000000000146e+000	-1.311215e+001
7.620000000000146e+000	-1.311215e+001
7.590000000000146e+000	-1.311215e+001
7.560000000000145e+000	-1.311215e+001
7.530000000000145e+000	-1.311215e+001
7.500000000000145e+000	-1.311215e+001
7.470000000000145e+000	-1.311215e+001
7.440000000000144e+000	-1.311215e+001
7.410000000000144e+000	-1.311215e+001
7.380000000000144e+000	-1.311215e+001
7.350000000000144e+000	-1.311215e+001
7.320000000000143e+000	-1.311215e+001
7.290000000000143e+000	-1.311215e+001
7.260000000000143e+000	-1.311215e+001
7.230000000000143e+000	-1.311215e+001
7.200000000000142e+000	-1.311215e+001
7.170000000000142e+000	-1.311215e+001
7.140000000000142e+000	-1.311215e+001
7.110000000000142e+000	-1.311215e+001
7.080000000000141e+000	-1.311215e+001
7.050000000000141e+000	-1.311215e+001
7.020000000000141e+000	-1.311215e+001
6.990000000000141e+000	-1.311215e+001
6.960000000000140e+000	-1.311215e+001
6.930000000000140e+000	-1.311215e+001
6.900000000000140e+000	-1.311215e+001
6.870000000000140e+000	-1.311215e+001
6.840000000000139e+000	-1.311215e+001
6.810000000000139e+000	-1.311215e+001
6.780000000000139e+000	-1.311215e+001
6.750000000000139e+000	-1.311215e+001
6.720000000000138e+000	-1.311215e+001
6.690000000000138e+000	-1.311215e+001
6.660000000000138e+000	-1.311215e+001
6.630000000000138e+000	-1.311215e+001
6.600000000000137e+000	-1.311215e+001
6.570000000000137e+000	-1.311215e+001
6.540000000000137e+000	-1.311215e+001
6.510000000000137e+000	-1.311215e+001
6.480000000000136e+000	-1.311215e+001
6.450000000000136e+000	-1.311215e+001
6.420000000000136e+000	-1.311215e+001
6.390000000000136e+000	-1.311215e+001
6.360000000000135e+000	-1.311215e+001
6.330000000000135e+000	-1.311215e+001
6.300000000000135e+000	-1.311215e+001
6.270000000000135e+000	-1.311215e+001
6.240000000000134e+000	-1.311215e+001
6.210000000000134e+000	-1.311215e+001
6.180000000000134e+000	-1.311215e+001
6.150000000000134e+000	-1.311215e+001
6.120000000000133e+000	-1.311215e+001
6.090000000000133e+000	-1.311215e+001
6.060000000000133e+000	-1.311215e+001
6.030000000000133e+000	-1.311215e+001
6.000000000000132e+000	-1.311215e+001
5.970000000000132e+000	-1.311215e+001
5.940000000000132e+000	-1.311215e+001
5.910000000000132e+000	-1.311215e+001
5.880000000000131e+000	-1.311215e+001
5.850000000000131e+000	-1.311215e+001
5.820000000000131e+000	-1.311215e+001
5.790000000000131e+000	-1.311215e+001
5.760000000000130e+000	-1.311215e+001
5.730000000000130e+000	-1.311215e+001
5.700000000000130e+000	-1.311215e+001
5.670000000000130e+000	-1.311215e+001
5.640000000000129e+000	-1.311215e+001
5.610000000000129e+000	-1.311215e+001
5.580000000000129e+000	-1.311215e+001
5.550000000000129e+000	-1.311215e+001
5.520000000000128e+000	-1.311215e+001
5.490000000000128e+000	-1.311215e+001
5.460000000000128e+000	-1.311215e+001
5.430000000000128e+000	-1.311215e+001
5.400000000000127e+000	-1.311215e+001
5.370000000000127e+000	-1.311215e+001
5.340000000000127e+000	-1.311215e+001
5.310000000000127e+000	-1.311215e+001
5.280000000000126e+000	-1.311215e+001
5.250000000000126e+000	-1.311215e+001
5.220000000000126e+000	-1.311215e+001
5.190000000000126e+000	-1.311215e+001
5.160000000000125e+000	-1.311215e+001
5.130000000000125e+000	-1.311215e+001
5.100000000000125e+000	-1.311215e+001
5.070000000000125e+000	-1.311215e+001
5.040000000000124e+000	-1.311215e+001
5.010000000000124e+000	-1.311215e+001
4.980000000000124e+000	-1.311215e+001
4.950000000000124e+000	-1.311215e+001
4.920000000000123e+000	-1.311215e+001
4.890000000000123e+000	-1.311215e+001
4.860000000000123e+000	-1.311215e+001
4.830000000000123e+000	-1.311215e+001
4.800000000000122e+000	-1.311215e+001
4.770000000000122e+000	-1.311215e+001
4.740000000000122e+000	-1.311215e+001
4.710000000000122e+000	-1.311215e+001
4.680000000000121e+000	-1.311215e+001
4.650000000000121e+000	-1.311215e+001
4.620000000000121e+000	-1.311215e+001
4.590000000000121e+000	-1.311215e+001
4.560000000000120e+000	-1.311215e+001
4.530000000000120e+000	-1.311215e+001
4.500000000000120e+000	-1.311215e+001
4.470000000000120e+000	-1.311215e+001
4.440000000000119e+000	-1.311215e+001
4.410000000000119e+000	-1.311215e+001
4.380000000000119e+000	-1.311215e+001
4.350000000000119e+000	-1.311215e+001
4.320000000000118e+000	-1.311215e+001
4.290000000000118e+000	-1.311215e+001
4.260000000000118e+000	-1.311215e+001
4.230000000000118e+000	-1.311215e+001
4.200000000000117e+000	-1.311215e+001
4.170000000000117e+000	-1.311215e+001
4.140000000000117e+000	-1.311215e+001
4.110000000000117e+000	-1.311215e+001
4.080000000000116e+000	-1.311215e+001
4.050000000000116e+000	-1.311215e+001
4.020000000000116e+000	-1.311215e+001
3.990000000000116e+000	-1.311215e+001
3.960000000000116e+000	-1.311215e+001
3.930000000000117e+000	-1.311215e+001
3.900000000000117e+000	-1.311215e+001
3.870000000000117e+000	-1.311215e+001
3.840000000000117e+000	-1.311215e+001
3.810000000000117e+000	-1.311215e+001
3.780000000000118e+000	-1.311215e+001
3.750000000000118e+000	-1.311215e+001
3.720000000000118e+000	-1.311215e+001
3.690000000000118e+000	-1.311215e+001
3.660000000000118e+000	-1.311215e+001
3.630000000000119e+000	-1.311215e+001
3.600000000000119e+000	-1.311215e+001
3.570000000000119e+000	-1.311215e+001
3.540000000000119e+000	-1.311215e+001
3.510000000000119e+000	-1.311215e+001
3.480000000000119e+000	-1.311215e+001
3.450000000000120e+000	-1.311215e+001
3.420000000000120e+000	-1.311215e+001
3.390000000000120e+000	-1.311215e+001
3.360000000000120e+000	-1.311215e+001
3.330000000000120e+000	-1.311215e+001
3.300000000000121e+000	-1.311215e+001
3.270000000000121e+000	-1.311215e+001
3.240000000000121e+000	-1.311215e+001
3.210000000000121e+000	-1.311215e+001
3.180000000000121e+000	-1.311215e+001
3.150000000000122e+000	-1.311215e+001
3.120000000000122e+000	-1.311215e+001
3.090000000000122e+000	-1.311215e+001
3.060000000000122e+000	-1.311215e+001
3.030000000000122e+000	-1.311215e+001
3.000000000000123e+000	-1.311215e+001
2.970000000000123e+000	-1.311215e+001
2.940000000000123e+000	-1.311215e+001
2.910000000000123e+000	-1.311215e+001
2.880000000000123e+000	-1.311215e+001
2.850000000000124e+000	-1.311215e+001
2.820000000000124e+000	-1.311215e+001
2.790000000000124e+000	-1.311215e+001
2.760000000000124e+000	-1.311215e+001
2.730000000000124e+000	-1.311215e+001
2.700000000000125e+000	-1.311215e+001
2.670000000000125e+000	-1.311215e+001
2.640000000000125e+000	-1.311215e+001
2.610000000000125e+000	-1.311215e+001
2.580000000000125e+000	-1.311215e+001
2.550000000000126e+000	-1.311215e+001
2.520000000000126e+000	-1.311215e+001
2.490000000000126e+000	-1.311215e+001
2.460000000000126e+000	-1.311215e+001
2.430000000000126e+000	-1.311215e+001
2.400000000000127e+000	-1.311215e+001
2.370000000000127e+000	-1.311215e+001
2.340000000000127e+000	-1.311215e+001
2.310000000000127e+000	-1.311215e+001
2.280000000000127e+000	-1.311215e+001
2.250000000000128e+000	-1.311215e+001
2.220000000000128e+000	-1.311215e+001
2.190000000000128e+000	-1.311215e+001
2.160000000000128e+000	-1.311215e+001
2.130000000000128e+000	-1.311215e+001
2.100000000000128e+000	-1.311215e+001
2.070000000000129e+000	-1.311215e+001
2.040000000000129e+000	-1.311215e+001
2.010000000000129e+000	-1.311215e+001
1.980000000000129e+000	-1.311215e+001
1.950000000000129e+000	-1.311215e+001
1.920000000000129e+000	-1.311215e+001
1.890000000000129e+000	-1.311215e+001
1.860000000000129e+000	-1.311215e+001
1.830000000000129e+000	-1.311215e+001
1.800000000000129e+000	-1.311215e+001
1.770000000000129e+000	-1.311215e+001
1.740000000000129e+000	-1.311215e+001
1.710000000000129e+000	-1.311215e+001
1.680000000000129e+000	-1.311215e+001
1.650000000000129e+000	-1.311215e+001
1.620000000000129e+000	-1.311215e+001
1.590000000000129e+000	-1.311215e+001
1.560000000000129e+000	-1.311215e+001
1.530000000000129e+000	-1.311215e+001
1.500000000000129e+000	-1.311215e+001
1.470000000000129e+000	-1.311215e+001
1.440000000000129e+000	-1.311215e+001
1.410000000000129e+000	-1.311215e+001
1.380000000000129e+000	-1.311215e+001
1.350000000000128e+000	-1.311215e+001
1.320000000000128e+000	-1.311215e+001
1.290000000000128e+000	-1.311215e+001
1.260000000000128e+000	-1.311215e+001
1.230000000000128e+000	-1.311215e+001
1.200000000000128e+000	-1.311215e+001
1.170000000000128e+000	-1.311215e+001
1.140000000000128e+000	-1.311215e+001
1.110000000000128e+000	-1.311215e+001
1.080000000000128e+000	-1.311215e+001
1.050000000000128e+000	-1.311215e+001
1.020000000000128e+000	-1.311215e+001
9.900000000001281e-001	-1.311215e+001
9.600000000001281e-001	-1.311215e+001
9.300000000001281e-001	-1.311215e+001
9.000000000001280e-001	-1.311215e+001
8.700000000001280e-001	-1.311215e+001
8.400000000001280e-001	-1.311215e+001
8.100000000001280e-001	-1.311215e+001
7.800000000001279e-001	-1.311215e+001
7.500000000001279e-001	-1.311215e+001
7.200000000001279e-001	-1.311215e+001
6.900000000001278e-001	-1.311215e+001
6.600000000001278e-001	-1.311215e+001
6.300000000001278e-001	-1.311215e+001
6.000000000001278e-001	-1.311215e+001
5.700000000001277e-001	-1.311215e+001
5.400000000001277e-001	-1.311215e+001
5.100000000001277e-001	-1.311215e+001
4.800000000001277e-001	-1.311215e+001
4.500000000001276e-001	-1.311215e+001
4.200000000001276e-001	-1.311215e+001
3.900000000001276e-001	-1.311215e+001
3.600000000001276e-001	-1.311215e+001
3.300000000001275e-001	-1.311215e+001
3.000000000001275e-001	-1.311215e+001
2.700000000001275e-001	-1.311215e+001
2.400000000001275e-001	-1.311215e+001
2.100000000001275e-001	-1.311215e+001
1.800000000001275e-001	-1.311215e+001
1.500000000001275e-001	-1.311215e+001
1.200000000001275e-001	-1.311215e+001
9.000000000012748e-002	-1.311214e+001
6.000000000012748e-002	-1.311214e+001
3.000000000012748e-002	-1.311214e+001
1.274813588025836e-013	-1.311213e+001
-2.999999999987252e-002	-1.311204e+001
-5.999999999987252e-002	1.282159e+001
-8.999999999987252e-002	1.282159e+001
-1.199999999998725e-001	1.282159e+001
-1.499999999998725e-001	1.282159e+001
-1.799999999998725e-001	1.282159e+001
-2.099999999998725e-001	1.282159e+001
-2.399999999998725e-001	1.282159e+001
-2.699999999998725e-001	1.282159e+001
-2.999999999998725e-001	1.282159e+001
-3.299999999998725e-001	1.282159e+001
-3.599999999998725e-001	1.282159e+001
-3.899999999998726e-001	1.282159e+001
-4.199999999998726e-001	1.282159e+001
-4.499999999998726e-001	1.282159e+001
-4.799999999998726e-001	1.282159e+001
-5.099999999998727e-001	1.282159e+001
-5.399999999998727e-001	1.282159e+001
-5.699999999998727e-001	1.282159e+001
-5.999999999998728e-001	1.282159e+001
-6.299999999998728e-001	1.282159e+001
-6.599999999998728e-001	1.282159e+001
-6.899999999998728e-001	1.282159e+001
-7.199999999998729e-001	1.282159e+001
-7.499999999998729e-001	1.282159e+001
-7.799999999998729e-001	1.282159e+001
-8.099999999998729e-001	1.282159e+001
-8.399999999998730e-001	1.282159e+001
-8.699999999998730e-001	1.282159e+001
-8.999999999998730e-001	1.282159e+001
-9.299999999998730e-001	1.282159e+001
-9.599999999998731e-001	1.282159e+001
-9.899999999998731e-001	1.282159e+001
-1.019999999999873e+000	1.282159e+001
-1.049999999999873e+000	1.282159e+001
-1.079999999999873e+000	1.282159e+001
-1.109999999999873e+000	1.282159e+001
-1.139999999999873e+000	1.282159e+001
-1.169999999999873e+000	1.282159e+001
-1.199999999999873e+000	1.282159e+001
-1.229999999999873e+000	1.282159e+001
-1.259999999999873e+000	1.282159e+001
-1.289999999999873e+000	1.282159e+001
-1.319999999999873e+000	1.282159e+001
-1.349999999999873e+000	1.282159e+001
-1.379999999999873e+000	1.282159e+001
-1.409999999999873e+000	1.282159e+001
-1.439999999999873e+000	1.282159e+001
-1.469999999999873e+000	1.282159e+001
-1.499999999999873e+000	1.282159e+001
-1.529999999999874e+000	1.282159e+001
-1.559999999999874e+000	1.282159e+001
-1.589999999999874e+000	1.282159e+001
-1.619999999999874e+000	1.282159e+001
-1.649999999999874e+000	1.282159e+001
-1.679999999999874e+000	1.282159e+001
-1.709999999999874e+000	1.282159e+001
-1.739999999999874e+000	1.282159e+001
-1.769999999999874e+000	1.282159e+001
-1.799999999999874e+000	1.282159e+001
-1.829999999999874e+000	1.282159e+001
-1.859999999999874e+000	1.282159e+001
-1.889999999999874e+000	1.282159e+001
-1.919999999999874e+000	1.282159e+001
-1.949999999999874e+000	1.282159e+001
-1.979999999999874e+000	1.282159e+001
-2.009999999999874e+000	1.282159e+001
-2.039999999999874e+000	1.282159e+001
-2.069999999999873e+000	1.282159e+001
-2.099999999999873e+000	1.282159e+001
-2.129999999999873e+000	1.282159e+001
-2.159999999999873e+000	1.282159e+001
-2.189999999999873e+000	1.282159e+001
-2.219999999999872e+000	1.282159e+001
-2.249999999999872e+000	1.282159e+001
-2.279999999999872e+000	1.282159e+001
-2.309999999999872e+000	1.282159e+001
-2.339999999999872e+000	1.282159e+001
-2.369999999999871e+000	1.282159e+001
-2.399999999999871e+000	1.282159e+001
-2.429999999999871e+000	1.282159e+001
-2.459999999999871e+000	1.282159e+001
-2.489999999999871e+000	1.282159e+001
-2.519999999999870e+000	1.282159e+001
-2.549999999999870e+000	1.282159e+001
-2.579999999999870e+000	1.282159e+001
-2.609999999999870e+000	1.282159e+001
-2.639999999999870e+000	1.282159e+001
-2.669999999999869e+000	1.282159e+001
-2.699999999999869e+000	1.282159e+001
-2.729999999999869e+000	1.282159e+001
-2.759999999999869e+000	1.282159e+001
-2.789999999999869e+000	1.282159e+001
-2.819999999999868e+000	1.282159e+001
-2.849999999999868e+000	1.282159e+001
-2.879999999999868e+000	1.282159e+001
-2.909999999999868e+000	1.282159e+001
-2.939999999999868e+000	1.282159e+001
-2.969999999999867e+000	1.282159e+001
-2.999999999999867e+000	1.282159e+001
-3.029999999999867e+000	1.282159e+001
-3.059999999999867e+000	1.282159e+001
-3.089999999999867e+000	1.282159e+001
-3.119999999999866e+000	1.282159e+001
-3.149999999999866e+000	1.282159e+001
-3.179999999999866e+000	1.282159e+001
-3.209999999999866e+000	1.282159e+001
-3.239999999999866e+000	1.282159e+001
-3.269999999999866e+000	1.282159e+001
-3.299999999999865e+000	1.282159e+001
-3.329999999999865e+000	1.282159e+001
-3.359999999999865e+000	1.282159e+001
-3.389999999999865e+000	1.282159e+001
-3.419999999999865e+000	1.282159e+001
-3.449999999999864e+000	1.282159e+001
-3.479999999999864e+000	1.282159e+001
-3.509999999999864e+000	1.282159e+001
-3.539999999999864e+000	1.282159e+001
-3.569999999999864e+000	1.282159e+001
-3.599999999999863e+000	1.282159e+001
-3.629999999999863e+000	1.282159e+001
-3.659999999999863e+000	1.282159e+001
-3.689999999999863e+000	1.282159e+001
-3.719999999999863e+000	1.282159e+001
-3.749999999999862e+000	1.282159e+001
-3.779999999999862e+000	1.282159e+001
-3.809999999999862e+000	1.282159e+001
-3.839999999999862e+000	1.282159e+001
-3.869999999999862e+000	1.282159e+001
-3.899999999999861e+000	1.282159e+001
-3.929999999999861e+000	1.282159e+001
-3.959999999999861e+000	1.282159e+001
-3.989999999999861e+000	1.282159e+001
-4.019999999999861e+000	1.282159e+001
-4.049999999999861e+000	1.282159e+001
-4.079999999999862e+000	1.282159e+001
-4.109999999999862e+000	1.282159e+001
-4.139999999999862e+000	1.282159e+001
-4.169999999999862e+000	1.282159e+001
-4.199999999999863e+000	1.282159e+001
-4.229999999999863e+000	1.282159e+001
-4.259999999999863e+000	1.282159e+001
-4.289999999999863e+000	1.282159e+001
-4.319999999999864e+000	1.282159e+001
-4.349999999999864e+000	1.282159e+001
-4.379999999999864e+000	1.282159e+001
-4.409999999999864e+000	1.282159e+001
-4.439999999999865e+000	1.282159e+001
-4.469999999999865e+000	1.282159e+001
-4.499999999999865e+000	1.282159e+001
-4.529999999999865e+000	1.282159e+001
-4.559999999999866e+000	1.282159e+001
-4.589999999999866e+000	1.282159e+001
-4.619999999999866e+000	1.282159e+001
-4.649999999999866e+000	1.282159e+001
-4.679999999999867e+000	1.282159e+001
-4.709999999999867e+000	1.282159e+001
-4.739999999999867e+000	1.282159e+001
-4.769999999999867e+000	1.282159e+001
-4.799999999999868e+000	1.282159e+001
-4.829999999999868e+000	1.282159e+001
-4.859999999999868e+000	1.282159e+001
-4.889999999999868e+000	1.282159e+001
-4.919999999999869e+000	1.282159e+001
-4.949999999999869e+000	1.282159e+001
-4.979999999999869e+000	1.282159e+001
-5.009999999999869e+000	1.282159e+001
-5.039999999999870e+000	1.282159e+001
-5.069999999999870e+000	1.282159e+001
-5.099999999999870e+000	1.282159e+001
-5.129999999999870e+000	1.282159e+001
-5.159999999999871e+000	1.282159e+001
-5.189999999999871e+000	1.282159e+001
-5.219999999999871e+000	1.282159e+001
-5.249999999999871e+000	1.282159e+001
-5.279999999999872e+000	1.282159e+001
-5.309999999999872e+000	1.282159e+001
-5.339999999999872e+000	1.282159e+001
-5.369999999999872e+000	1.282159e+001
-5.399999999999873e+000	1.282159e+001
-5.429999999999873e+000	1.282159e+001
-5.459999999999873e+000	1.282159e+001
-5.489999999999873e+000	1.282159e+001
-5.519999999999874e+000	1.282159e+001
-5.549999999999874e+000	1.282159e+001
-5.579999999999874e+000	1.282159e+001
-5.609999999999874e+000	1.282159e+001
-5.639999999999874e+000	1.282159e+001
-5.669999999999875e+000	1.282159e+001
-5.699999999999875e+000	1.282159e+001
-5.729999999999875e+000	1.282159e+001
-5.759999999999875e+000	1.282159e+001
-5.789999999999876e+000	1.282159e+001
-5.819999999999876e+000	1.282159e+001
-5.849999999999876e+000	1.282159e+001
-5.879999999999876e+000	1.282159e+001
-5.909999999999877e+000	1.282159e+001
-5.939999999999877e+000	1.282159e+001
-5.969999999999877e+000	1.282159e+001
-5.999999999999877e+000	1.282159e+001
-6.029999999999878e+000	1.282159e+001
-6.059999999999878e+000	1.282159e+001
-6.089999999999878e+000	1.282159e+001
-6.119999999999878e+000	1.282159e+001
-6.149999999999879e+000	1.282159e+001
-6.179999999999879e+000	1.282159e+001
-6.209999999999879e+000	1.282159e+001
-6.239999999999879e+000	1.282159e+001
-6.269999999999880e+000	1.282159e+001
-6.299999999999880e+000	1.282159e+001
-6.329999999999880e+000	1.282159e+001
-6.359999999999880e+000	1.282159e+001
-6.389999999999881e+000	1.282159e+001
-6.419999999999881e+000	1.282159e+001
-6.449999999999881e+000	1.282159e+001
-6.479999999999881e+000	1.282159e+001
-6.509999999999882e+000	1.282159e+001
-6.539999999999882e+000	1.282159e+001
-6.569999999999882e+000	1.282159e+001
-6.599999999999882e+000	1.282159e+001
-6.629999999999883e+000	1.282159e+001
-6.659999999999883e+000	1.282159e+001
-6.689999999999883e+000	1.282159e+001
-6.719999999999883e+000	1.282159e+001
-6.749999999999884e+000	1.282159e+001
-6.779999999999884e+000	1.282159e+001
-6.809999999999884e+000	1.282159e+001
-6.839999999999884e+000	1.282159e+001
-6.869999999999885e+000	1.282159e+001
-6.899999999999885e+000	1.282159e+001
-6.929999999999885e+000	1.282159e+001
-6.959999999999885e+000	1.282159e+001
-6.989999999999886e+000	1.282159e+001
-7.019999999999886e+000	1.282159e+001
-7.049999999999886e+000	1.282159e+001
-7.079999999999886e+000	1.282159e+001
-7.109999999999887e+000	1.282159e+001
-7.139999999999887e+000	1.282159e+001
-7.169999999999887e+000	1.282159e+001
-7.199999999999887e+000	1.282159e+001
-7.229999999999888e+000	1.282159e+001
-7.259999999999888e+000	1.282159e+001
-7.289999999999888e+000	1.282159e+001
-7.319999999999888e+000	1.282159e+001
-7.349999999999889e+000	1.282159e+001
-7.379999999999889e+000	1.282159e+001
-7.409999999999889e+000	1.282159e+001
-7.439999999999889e+000	1.282159e+001
-7.469999999999890e+000	1.282159e+001
-7.499999999999890e+000	1.282159e+001
-7.529999999999890e+000	1.282159e+001
-7.559999999999890e+000	1.282159e+001
-7.589999999999891e+000	1.282159e+001
-7.619999999999891e+000	1.282159e+001
-7.649999999999891e+000	1.282159e+001
-7.679999999999891e+000	1.282159e+001
-7.709999999999892e+000	1.282159e+001
-7.739999999999892e+000	1.282159e+001
-7.769999999999892e+000	1.282159e+001
-7.799999999999892e+000	1.282159e+001
-7.829999999999893e+000	1.282159e+001
-7.859999999999893e+000	1.282159e+001
-7.889999999999893e+000	1.282159e+001
-7.919999999999893e+000	1.282159e+001
-7.949999999999894e+000	1.282159e+001
-7.979999999999894e+000	1.282159e+001
-8.009999999999893e+000	1.282159e+001
-8.039999999999893e+000	1.282159e+001
-8.069999999999892e+000	1.282159e+001
-8.099999999999891e+000	1.282159e+001
-8.129999999999891e+000	1.282159e+001
-8.159999999999890e+000	1.282159e+001
-8.189999999999889e+000	1.282159e+001
-8.219999999999889e+000	1.282159e+001
-8.249999999999888e+000	1.282159e+001
-8.279999999999888e+000	1.282159e+001
-8.309999999999887e+000	1.282159e+001
-8.339999999999886e+000	1.282159e+001
-8.369999999999886e+000	1.282159e+001
-8.399999999999885e+000	1.282159e+001
-8.429999999999884e+000	1.282159e+001
-8.459999999999884e+000	1.282159e+001
-8.489999999999883e+000	1.282159e+001
-8.519999999999882e+000	1.282159e+001
-8.549999999999882e+000	1.282159e+001
-8.579999999999881e+000	1.282159e+001
-8.609999999999880e+000	1.282159e+001
-8.639999999999880e+000	1.282159e+001
-8.669999999999879e+000	1.282159e+001
-8.699999999999879e+000	1.282159e+001
-8.729999999999878e+000	1.282159e+001
-8.759999999999877e+000	1.282159e+001
-8.789999999999877e+000	1.282159e+001
-8.819999999999876e+000	1.282159e+001
-8.849999999999875e+000	1.282159e+001
-8.879999999999875e+000	1.282159e+001
-8.909999999999874e+000	1.282159e+001
-8.939999999999873e+000	1.282159e+001
-8.969999999999873e+000	1.282159e+001
-8.999999999999872e+000	1.282159e+001
-9.029999999999872e+000	1.282159e+001
-9.059999999999871e+000	1.282159e+001
-9.089999999999870e+000	1.282159e+001
-9.119999999999870e+000	1.282159e+001
-9.149999999999869e+000	1.282159e+001
-9.179999999999868e+000	1.282159e+001
-9.209999999999868e+000	1.282159e+001
-9.239999999999867e+000	1.282159e+001
-9.269999999999866e+000	1.282159e+001
-9.299999999999866e+000	1.282159e+001
-9.329999999999865e+000	1.282159e+001
-9.359999999999864e+000	1.282159e+001
-9.389999999999864e+000	1.282159e+001
-9.419999999999863e+000	1.282159e+001
-9.449999999999863e+000	1.282159e+001
-9.479999999999862e+000	1.282159e+001
-9.509999999999861e+000	1.282159e+001
-9.539999999999861e+000	1.282159e+001
-9.569999999999860e+000	1.282159e+001
-9.599999999999859e+000	1.282159e+001
-9.629999999999859e+000	1.282159e+001
-9.659999999999858e+000	1.282159e+001
-9.689999999999857e+000	1.282159e+001
-9.719999999999857e+000	1.282159e+001
-9.749999999999856e+000	1.282159e+001
-9.779999999999856e+000	1.282159e+001
-9.809999999999855e+000	1.282159e+001
-9.839999999999854e+000	1.282159e+001
-9.869999999999854e+000	1.282159e+001
-9.899999999999853e+000	1.282159e+001
-9.929999999999852e+000	1.282159e+001
-9.959999999999852e+000	1.282159e+001
-9.989999999999851e+000	1.282159e+001
-1.001999999999985e+001	1.282159e+001
-1.004999999999985e+001	1.282159e+001
-1.007999999999985e+001	1.282159e+001
-1.010999999999985e+001	1.282159e+001
-1.013999999999985e+001	1.282159e+001
-1.016999999999985e+001	1.282159e+001
-1.019999999999985e+001	1.282159e+001
-1.022999999999985e+001	1.282159e+001
-1.025999999999985e+001	1.282159e+001
-1.028999999999985e+001	1.282159e+001
-1.031999999999984e+001	1.282159e+001
-1.034999999999984e+001	1.282159e+001
-1.037999999999984e+001	1.282159e+001
-1.040999999999984e+001	1.282159e+001
-1.043999999999984e+001	1.282159e+001
-1.046999999999984e+001	1.282159e+001
-1.049999999999984e+001	1.282159e+001
-1.052999999999984e+001	1.282159e+001
-1.055999999999984e+001	1.282159e+001
-1.058999999999984e+001	1.282159e+001
-1.061999999999984e+001	1.282159e+001
-1.064999999999984e+001	1.282159e+001
-1.067999999999984e+001	1.282159e+001
-1.070999999999984e+001	1.282159e+001
-1.073999999999984e+001	1.282159e+001
-1.076999999999983e+001	1.282159e+001
-1.079999999999983e+001	1.282159e+001
-1.082999999999983e+001	1.282159e+001
-1.085999999999983e+001	1.282159e+001
-1.088999999999983e+001	1.282159e+001
-1.091999999999983e+001	1.282159e+001
-1.094999999999983e+001	1.282159e+001
-1.097999999999983e+001	1.282159e+001
-1.100999999999983e+001	1.282159e+001
-1.103999999999983e+001	1.282159e+001
-1.106999999999983e+001	1.282159e+001
-1.109999999999983e+001	1.282159e+001
-1.112999999999983e+001	1.282159e+001
-1.115999999999983e+001	1.282159e+001
-1.118999999999983e+001	1.282159e+001
-1.121999999999983e+001	1.282159e+001
-1.124999999999982e+001	1.282159e+001
-1.127999999999982e+001	1.282159e+001
-1.130999999999982e+001	1.282159e+001
-1.133999999999982e+001	1.282159e+001
-1.136999999999982e+001	1.282159e+001
-1.139999999999982e+001	1.282159e+001
-1.142999999999982e+001	1.282159e+001
-1.145999999999982e+001	1.282159e+001
-1.148999999999982e+001	1.282159e+001
-1.151999999999982e+001	1.282159e+001
-1.154999999999982e+001	1.282159e+001
-1.157999999999982e+001	1.282159e+001
-1.160999999999982e+001	1.282159e+001
-1.163999999999982e+001	1.282159e+001
-1.166999999999982e+001	1.282159e+001
-1.169999999999982e+001	1.282159e+001
-1.172999999999981e+001	1.282159e+001
-1.175999999999981e+001	1.282159e+001
-1.178999999999981e+001	1.282159e+001
-1.181999999999981e+001	1.282159e+001
-1.184999999999981e+001	1.282159e+001
-1.187999999999981e+001	1.282159e+001
-1.190999999999981e+001	1.282159e+001
-1.193999999999981e+001	1.282159e+001
-1.196999999999981e+001	1.282159e+001
-1.199999999999981e+001	1.282159e+001
-1.202999999999981e+001	1.282159e+001
-1.205999999999981e+001	1.282159e+001
-1.208999999999981e+001	1.282159e+001
-1.211999999999981e+001	1.282159e+001
-1.214999999999981e+001	1.282159e+001
-1.217999999999980e+001	1.282159e+001
-1.220999999999980e+001	1.282159e+001
-1.223999999999980e+001	1.282159e+001
-1.226999999999980e+001	1.282159e+001
-1.229999999999980e+001	1.282159e+001
-1.232999999999980e+001	1.282159e+001
-1.235999999999980e+001	1.282159e+001
-1.238999999999980e+001	1.282159e+001
-1.241999999999980e+001	1.282159e+001
-1.244999999999980e+001	1.282159e+001
-1.247999999999980e+001	1.282159e+001
-1.250999999999980e+001	1.282159e+001
-1.253999999999980e+001	1.282159e+001
-1.256999999999980e+001	1.282159e+001
-1.259999999999980e+001	1.282159e+001
-1.262999999999980e+001	1.282159e+001
-1.265999999999979e+001	1.282159e+001
-1.268999999999979e+001	1.282159e+001
-1.271999999999979e+001	1.282159e+001
-1.274999999999979e+001	1.282159e+001
-1.277999999999979e+001	1.282159e+001
-1.280999999999979e+001	1.282159e+001
-1.283999999999979e+001	1.282159e+001
-1.286999999999979e+001	1.282159e+001
-1.289999999999979e+001	1.282159e+001
-1.292999999999979e+001	1.282159e+001
-1.295999999999979e+001	1.282159e+001
-1.298999999999979e+001	1.282159e+001
-1.301999999999979e+001	1.282159e+001
-1.304999999999979e+001	1.282159e+001
-1.307999999999979e+001	1.282159e+001
-1.310999999999978e+001	1.282159e+001
-1.313999999999978e+001	1.282159e+001
-1.316999999999978e+001	1.282159e+001
-1.319999999999978e+001	1.282159e+001
-1.322999999999978e+001	1.282159e+001
-1.325999999999978e+001	1.282159e+001
-1.328999999999978e+001	1.282159e+001
-1.331999999999978e+001	1.282159e+001
-1.334999999999978e+001	1.282159e+001
-1.337999999999978e+001	1.282159e+001
-1.340999999999978e+001	1.282159e+001
-1.343999999999978e+001	1.282159e+001
-1.346999999999978e+001	1.282159e+001
-1.349999999999978e+001	1.282159e+001
-1.352999999999978e+001	1.282159e+001
-1.355999999999978e+001	1.282159e+001
-1.358999999999977e+001	1.282159e+001
-1.361999999999977e+001	1.282159e+001
-1.364999999999977e+001	1.282159e+001
-1.367999999999977e+001	1.282159e+001
-1.370999999999977e+001	1.282159e+001
-1.373999999999977e+001	1.282159e+001
-1.376999999999977e+001	1.282159e+001
-1.379999999999977e+001	1.282159e+001
-1.382999999999977e+001	1.282159e+001
-1.385999999999977e+001	1.282159e+001
-1.388999999999977e+001	1.282159e+001
-1.391999999999977e+001	1.282159e+001
-1.394999999999977e+001	1.282159e+001
-1.397999999999977e+001	1.282159e+001
-1.400999999999977e+001	1.282159e+001
-1.403999999999977e+001	1.282159e+001
-1.406999999999976e+001	1.282159e+001
-1.409999999999976e+001	1.282159e+001
-1.412999999999976e+001	1.282159e+001
-1.415999999999976e+001	1.282159e+001
-1.418999999999976e+001	1.282159e+001
-1.421999999999976e+001	1.282159e+001
-1.424999999999976e+001	1.282159e+001
-1.427999999999976e+001	1.282159e+001
-1.430999999999976e+001	1.282159e+001
-1.433999999999976e+001	1.282159e+001
-1.436999999999976e+001	1.282159e+001
-1.439999999999976e+001	1.282159e+001
-1.442999999999976e+001	1.282159e+001
-1.445999999999976e+001	1.282159e+001
-1.448999999999976e+001	1.282159e+001
-1.451999999999975e+001	1.282159e+001
-1.454999999999975e+001	1.282159e+001
-1.457999999999975e+001	1.282159e+001
-1.460999999999975e+001	1.282159e+001
-1.463999999999975e+001	1.282159e+001
-1.466999999999975e+001	1.282159e+001
-1.469999999999975e+001	1.282159e+001
-1.472999999999975e+001	1.282159e+001
-1.475999999999975e+001	1.282159e+001
-1.478999999999975e+001	1.282159e+001
-1.481999999999975e+001	1.282159e+001
-1.484999999999975e+001	1.282159e+001
-1.487999999999975e+001	1.282159e+001
-1.490999999999975e+001	1.282159e+001
-1.493999999999975e+001	1.282159e+001
-1.496999999999975e+001	1.282159e+001
-1.500000000000000e+001	1.282159e+001
