time	V(vc)
0.000000000000000e+00	4.727911e+00
1.000000000000133e-06	4.726307e+00
2.999999999999965e-06	4.723098e+00
7.000000000000062e-06	4.716681e+00
1.500000000000026e-05	4.703845e+00
2.386424753741175e-05	4.689623e+00
3.346424753741155e-05	4.674222e+00
4.306424753741135e-05	4.658819e+00
5.266424753741115e-05	4.643417e+00
6.226424753741095e-05	4.628015e+00
7.186424753741075e-05	4.612613e+00
8.146424753741055e-05	4.597211e+00
9.106424753741035e-05	4.581810e+00
1.006642475374101e-04	4.566407e+00
1.102642475374099e-04	4.551005e+00
1.198642475374102e-04	4.535604e+00
1.294642475374104e-04	4.520202e+00
1.390642475374106e-04	4.504800e+00
1.486642475374109e-04	4.489398e+00
1.582642475374111e-04	4.473997e+00
1.678642475374113e-04	4.458595e+00
1.774642475374116e-04	4.443193e+00
1.870642475374118e-04	4.427792e+00
1.966642475374120e-04	4.412390e+00
2.062642475374123e-04	4.396989e+00
2.158642475374125e-04	4.381588e+00
2.254642475374127e-04	4.366186e+00
2.269632000200029e-04	4.363781e+00
2.299611049851832e-04	4.358972e+00
2.305673900896425e-04	4.357999e+00
2.317799602985613e-04	4.356054e+00
2.342051007163987e-04	4.352163e+00
2.365632000200031e-04	4.348380e+00
2.367990099503632e-04	4.348001e+00
2.372706298110843e-04	4.347245e+00
2.382138695325264e-04	4.345732e+00
2.401003489754098e-04	4.342705e+00
2.438733078611766e-04	4.336652e+00
2.514192256327110e-04	4.324546e+00
2.594337444719783e-04	4.311689e+00
2.690337444719785e-04	4.296288e+00
2.786337444719788e-04	4.280888e+00
2.865128421610246e-04	4.268248e+00
2.866628421610245e-04	4.268007e+00
2.869628421610245e-04	4.267526e+00
2.875628421610244e-04	4.266563e+00
2.887628421610242e-04	4.264638e+00
2.889002825228145e-04	4.264418e+00
2.890824525448045e-04	4.264126e+00
2.891356328444251e-04	4.264040e+00
2.891857415520320e-04	4.263960e+00
2.892226250454321e-04	4.263901e+00
2.892583719040303e-04	4.263844e+00
2.893298656212267e-04	4.263729e+00
2.893806353254373e-04	4.263648e+00
2.894210952047601e-04	4.263583e+00
2.894446578916338e-04	4.263545e+00
2.894565457286827e-04	4.263525e+00
2.894629620312146e-04	4.263515e+00
2.894685864731285e-04	4.263506e+00
2.894718293336381e-04	4.263501e+00
2.894755291102985e-04	4.263495e+00
2.894796031362233e-04	4.263489e+00
2.894858615067239e-04	4.263479e+00
2.894983782477244e-04	4.263459e+00
2.895116375912416e-04	4.263437e+00
2.895244469506291e-04	4.263417e+00
2.895553078025473e-04	4.263367e+00
2.895758622364184e-04	4.263334e+00
2.896017123908815e-04	4.263293e+00
2.896347126380163e-04	4.263240e+00
2.896806818456711e-04	4.263166e+00
2.897358188597003e-04	4.263078e+00
2.897988723134866e-04	4.262976e+00
2.898679163864481e-04	4.262866e+00
2.899609374002687e-04	4.262716e+00
2.901469794279097e-04	4.262418e+00
2.901771996322148e-04	4.262369e+00
2.902376400408259e-04	4.262272e+00
2.903585208580473e-04	4.262078e+00
2.903622983835854e-04	4.262073e+00
2.903632427649701e-04	4.262071e+00
2.903634788603165e-04	4.262071e+00
2.903639510510084e-04	4.262070e+00
2.903640690986816e-04	4.262070e+00
2.903643051940280e-04	4.262069e+00
2.903643414369317e-04	4.262069e+00
2.903644139227381e-04	4.262069e+00
2.903645588943518e-04	4.262069e+00
2.903648488375792e-04	4.262068e+00
2.903654287240340e-04	4.262067e+00
2.903665884969428e-04	4.262065e+00
2.903689080427613e-04	4.262062e+00
2.903735471343973e-04	4.262054e+00
2.903828253176693e-04	4.262040e+00
2.904013816842142e-04	4.262010e+00
2.904384944173032e-04	4.261950e+00
2.905127198834811e-04	4.261831e+00
2.906254405047070e-04	4.261650e+00
2.908187456748088e-04	4.261340e+00
2.911983519342447e-04	4.260732e+00
2.916724138381228e-04	4.259972e+00
2.917129817748090e-04	4.259907e+00
2.917670723570566e-04	4.259820e+00
2.918853955057236e-04	4.259631e+00
2.919259634424098e-04	4.259566e+00
2.919508268260928e-04	4.259526e+00
2.919756902097758e-04	4.259486e+00
2.920005535934588e-04	4.259446e+00
2.920254169771418e-04	4.259406e+00
2.920502803608248e-04	4.259367e+00
2.920751437445078e-04	4.259327e+00
2.921000071281908e-04	4.259287e+00
2.921029747323636e-04	4.259283e+00
2.921040521541231e-04	4.259281e+00
2.921050882449291e-04	4.259279e+00
2.921055993804146e-04	4.259279e+00
2.921062710329156e-04	4.259278e+00
2.921070189825241e-04	4.259276e+00
2.921078917012695e-04	4.259274e+00
2.921084009138539e-04	4.259274e+00
2.921086551009549e-04	4.259273e+00
2.921088106677436e-04	4.259273e+00
2.921089613020099e-04	4.259272e+00
2.921091344559620e-04	4.259272e+00
2.921093222804168e-04	4.259272e+00
2.921096979293263e-04	4.259271e+00
2.921104416896071e-04	4.259269e+00
2.921117295605724e-04	4.259266e+00
2.921134924373093e-04	4.259262e+00
2.921168354940687e-04	4.259254e+00
2.921194166929145e-04	4.259248e+00
2.921212968640054e-04	4.259244e+00
2.921235988748382e-04	4.259239e+00
2.921247365592085e-04	4.259237e+00
2.921266714979776e-04	4.259233e+00
2.921288616321784e-04	4.259230e+00
2.921313529079118e-04	4.259225e+00
2.921339222355383e-04	4.259222e+00
2.921373282419571e-04	4.259217e+00
2.921405445251760e-04	4.259213e+00
2.921446863409709e-04	4.259208e+00
2.921484436590803e-04	4.259204e+00
2.921525415800152e-04	4.259200e+00
2.921569140350781e-04	4.259196e+00
2.921613506927496e-04	4.259192e+00
2.921661433679169e-04	4.259189e+00
2.921690432469352e-04	4.259187e+00
2.921728013106219e-04	4.259185e+00
2.921763325432225e-04	4.259182e+00
2.921805670212832e-04	4.259179e+00
2.921868621502751e-04	4.259173e+00
2.921937140592848e-04	4.259168e+00
2.922008226247546e-04	4.259163e+00
2.922057278538829e-04	4.259161e+00
2.922108837071316e-04	4.259161e+00
2.922163851093377e-04	4.259161e+00
2.922246971731796e-04	4.259162e+00
2.922328980961733e-04	4.259162e+00
2.922449272063899e-04	4.259164e+00
2.922666811297305e-04	4.259165e+00
2.922944230144982e-04	4.259168e+00
2.923357342175018e-04	4.259171e+00
2.923767430917722e-04	4.259174e+00
2.924172721247170e-04	4.259177e+00
2.924612192867766e-04	4.259182e+00
2.925219942865203e-04	4.259191e+00
2.925862251596189e-04	4.259203e+00
2.926703198699618e-04	4.259225e+00
2.928385092906475e-04	4.259286e+00
2.931534260763534e-04	4.259441e+00
2.933589538634458e-04	4.259568e+00
2.935283660589617e-04	4.259690e+00
2.935938353150641e-04	4.259742e+00
2.936585885499744e-04	4.259797e+00
2.936737154797249e-04	4.259810e+00
2.936886251263897e-04	4.259823e+00
2.937142270680068e-04	4.259847e+00
2.937382744114619e-04	4.259870e+00
2.937718283210094e-04	4.259902e+00
2.938183067957389e-04	4.259950e+00
2.938824658345533e-04	4.260020e+00
2.939874997296582e-04	4.260145e+00
2.941702559483479e-04	4.260388e+00
2.944783571519221e-04	4.260845e+00
2.948073703103482e-04	4.261373e+00
2.952245654425632e-04	4.262066e+00
2.955054807020304e-04	4.262537e+00
2.957588651996165e-04	4.262962e+00
2.960435349637414e-04	4.263439e+00
2.964985479983807e-04	4.264199e+00
2.974085740676592e-04	4.265719e+00
2.974127053433696e-04	4.265726e+00
2.974209678947904e-04	4.265739e+00
2.974278648283364e-04	4.265751e+00
2.974317683693164e-04	4.265758e+00
2.974357904598737e-04	4.265764e+00
2.974407521275321e-04	4.265772e+00
2.974460548665126e-04	4.265781e+00
2.974526473161977e-04	4.265792e+00
2.974531107260681e-04	4.265793e+00
2.974540375458089e-04	4.265795e+00
2.974558911852903e-04	4.265798e+00
2.974572533393509e-04	4.265800e+00
2.974586254877857e-04	4.265802e+00
2.974599912522985e-04	4.265805e+00
2.974627227813249e-04	4.265809e+00
2.974681858393777e-04	4.265818e+00
2.974791119554824e-04	4.265837e+00
2.975009641876919e-04	4.265873e+00
2.975446686521118e-04	4.265946e+00
2.976320775809507e-04	4.266092e+00
2.978068954386293e-04	4.266383e+00
2.981565311539858e-04	4.266965e+00
2.982156780506856e-04	4.267064e+00
2.983339718440853e-04	4.267261e+00
2.985705594308855e-04	4.267655e+00
2.986136536639503e-04	4.267727e+00
2.986998421300791e-04	4.267870e+00
2.987344121359171e-04	4.267928e+00
2.987547061771034e-04	4.267962e+00
2.987667584520254e-04	4.267982e+00
2.987735411054374e-04	4.267993e+00
2.987787424677175e-04	4.268002e+00
2.987842448467838e-04	4.268011e+00
2.987902100371489e-04	4.268021e+00
2.988008646734558e-04	4.268039e+00
2.988221739460687e-04	4.268074e+00
2.988647924912955e-04	4.268145e+00
2.989500295817490e-04	4.268287e+00
2.990735089615812e-04	4.268492e+00
2.992665328299406e-04	4.268814e+00
2.996341833808413e-04	4.269425e+00
3.003620586068292e-04	4.270636e+00
3.014203055910314e-04	4.272395e+00
3.031420446454945e-04	4.275256e+00
3.049790811291754e-04	4.278308e+00
3.067065069127443e-04	4.281177e+00
3.085351955653772e-04	4.284214e+00
3.102832009898534e-04	4.287117e+00
3.120942667392845e-04	4.290125e+00
3.138443238768118e-04	4.293031e+00
3.156352281852861e-04	4.296006e+00
3.173771186143937e-04	4.298898e+00
3.191351438521406e-04	4.301818e+00
3.208394958976574e-04	4.304648e+00
3.225213362581078e-04	4.307441e+00
3.241119436942683e-04	4.310082e+00
3.257656532586295e-04	4.312828e+00
3.276413176312785e-04	4.315943e+00
3.294278878106529e-04	4.318909e+00
3.312465908299656e-04	4.321929e+00
3.329959773012837e-04	4.324834e+00
3.348003333771697e-04	4.327830e+00
3.365692129490999e-04	4.330767e+00
3.383725325770627e-04	4.333761e+00
3.401454631325597e-04	4.336705e+00
3.419419903565308e-04	4.339688e+00
3.437183199431408e-04	4.342637e+00
3.455118402469581e-04	4.345615e+00
3.472910757246731e-04	4.348569e+00
3.490817793076052e-04	4.351542e+00
3.508620946665844e-04	4.354498e+00
3.526502542648955e-04	4.357467e+00
3.544299521473951e-04	4.360421e+00
3.562144799560819e-04	4.363384e+00
3.579913913501170e-04	4.366334e+00
3.622410721622706e-04	4.373389e+00
3.649751429922574e-04	4.377928e+00
3.684010337844002e-04	4.383615e+00
3.726466793102256e-04	4.390663e+00
3.783612387661434e-04	4.400148e+00
3.863974177920021e-04	4.413487e+00
3.959974177920023e-04	4.429421e+00
4.055974177920025e-04	4.445354e+00
4.151974177920028e-04	4.461286e+00
4.247974177920030e-04	4.477217e+00
4.343974177920032e-04	4.493146e+00
4.439974177920035e-04	4.509075e+00
4.535974177920037e-04	4.525003e+00
4.631974177920039e-04	4.540930e+00
4.727974177920042e-04	4.556855e+00
4.823974177920044e-04	4.572780e+00
4.919974177920046e-04	4.588704e+00
5.015974177920049e-04	4.604627e+00
5.111974177920051e-04	4.620548e+00
5.207974177920053e-04	4.636469e+00
5.219974177920052e-04	4.638459e+00
5.243974177920048e-04	4.642439e+00
5.291974177920049e-04	4.650398e+00
5.376266958820575e-04	4.664375e+00
5.472266958820578e-04	4.680293e+00
5.568266958820580e-04	4.696210e+00
5.664266958820582e-04	4.712126e+00
5.760266958820585e-04	4.728041e+00
5.856266958820587e-04	4.743954e+00
5.952266958820589e-04	4.759867e+00
6.048266958820592e-04	4.775779e+00
6.144266958820594e-04	4.791689e+00
6.240266958820596e-04	4.807599e+00
6.336266958820599e-04	4.823507e+00
6.432266958820601e-04	4.839415e+00
6.528266958820603e-04	4.855321e+00
6.624266958820606e-04	4.871227e+00
6.720266958820608e-04	4.887132e+00
6.816266958820610e-04	4.903035e+00
6.912266958820613e-04	4.918937e+00
7.008266958820615e-04	4.934838e+00
7.104266958820617e-04	4.950739e+00
7.200266958820620e-04	4.966639e+00
7.296266958820622e-04	4.982536e+00
7.392266958820624e-04	4.998434e+00
7.488266958820627e-04	5.014330e+00
7.680266958820631e-04	5.046120e+00
7.776266958820634e-04	5.062013e+00
7.872266958820636e-04	5.077905e+00
7.968266958820638e-04	5.093797e+00
8.064266958820641e-04	5.109687e+00
8.160266958820643e-04	5.125576e+00
8.256266958820645e-04	5.141464e+00
8.352266958820648e-04	5.157351e+00
8.448266958820650e-04	5.173237e+00
8.640266958820655e-04	5.205006e+00
8.736266958820657e-04	5.220889e+00
8.832266958820659e-04	5.236771e+00
8.928266958820662e-04	5.252652e+00
9.024266958820664e-04	5.268532e+00
9.120266958820666e-04	5.284410e+00
9.216266958820669e-04	5.300288e+00
9.312266958820671e-04	5.316165e+00
9.408266958820673e-04	5.332041e+00
9.504266958820676e-04	5.347916e+00
9.600266958820678e-04	5.363790e+00
9.696266958820680e-04	5.379663e+00
9.792266958820683e-04	5.395534e+00
9.888266958820685e-04	5.411405e+00
9.984266958820687e-04	5.427275e+00
1.008026695882069e-03	5.443143e+00
1.017626695882069e-03	5.459011e+00
1.027226695882069e-03	5.474877e+00
1.036826695882070e-03	5.490743e+00
1.046426695882070e-03	5.506608e+00
1.056026695882070e-03	5.522471e+00
1.065626695882070e-03	5.538334e+00
1.075226695882071e-03	5.554195e+00
1.084826695882071e-03	5.570055e+00
1.094426695882071e-03	5.585915e+00
1.104026695882071e-03	5.601773e+00
1.113626695882072e-03	5.617631e+00
1.123226695882072e-03	5.633487e+00
1.132826695882072e-03	5.649343e+00
1.142426695882072e-03	5.665196e+00
1.152026695882072e-03	5.681050e+00
1.161626695882073e-03	5.696902e+00
1.171226695882073e-03	5.712753e+00
1.180826695882073e-03	5.728603e+00
1.190426695882073e-03	5.744452e+00
1.200026695882074e-03	5.760301e+00
1.209626695882074e-03	5.776148e+00
1.219226695882074e-03	5.791994e+00
1.228826695882074e-03	5.807839e+00
1.236104000020007e-03	5.819849e+00
1.245704000020007e-03	5.835692e+00
1.245704000020132e-03	5.835692e+00
1.245704000030007e-03	5.835692e+00
1.246082682438328e-03	5.836317e+00
1.246461364846650e-03	5.836942e+00
1.246840047254971e-03	5.837567e+00
1.247218729663292e-03	5.838192e+00
1.247597412071614e-03	5.838817e+00
1.247976094479935e-03	5.839441e+00
1.248354776888257e-03	5.840066e+00
1.251005553766256e-03	5.844441e+00
1.256307107522254e-03	5.853189e+00
1.256457107522254e-03	5.853436e+00
1.257357107522254e-03	5.854921e+00
1.258557107522254e-03	5.856902e+00
1.260957107522254e-03	5.860862e+00
1.261482107522254e-03	5.861728e+00
1.262082107522254e-03	5.862718e+00
1.263282107522254e-03	5.864698e+00
1.263309853896968e-03	5.864744e+00
1.263365346646398e-03	5.864835e+00
1.263476332145256e-03	5.865018e+00
1.263698303142972e-03	5.865385e+00
1.263860129022528e-03	5.865652e+00
1.263991153292681e-03	5.865868e+00
1.264083706220821e-03	5.866020e+00
1.264120140886018e-03	5.866080e+00
1.264156411197803e-03	5.866140e+00
1.264167722093528e-03	5.866159e+00
1.264183778116792e-03	5.866186e+00
1.264215890163321e-03	5.866239e+00
1.264280114256380e-03	5.866344e+00
1.264409204683433e-03	5.866558e+00
1.264438897632550e-03	5.866606e+00
1.264443806338981e-03	5.866614e+00
1.264446229072227e-03	5.866619e+00
1.264447756028119e-03	5.866621e+00
1.264448722424011e-03	5.866622e+00
1.264449481636503e-03	5.866624e+00
1.264450279276326e-03	5.866625e+00
1.264450900698039e-03	5.866627e+00
1.264451576418282e-03	5.866628e+00
1.264452927858767e-03	5.866631e+00
1.264454847078179e-03	5.866634e+00
1.264457866615370e-03	5.866640e+00
1.264460871104958e-03	5.866646e+00
1.264464300439083e-03	5.866653e+00
1.264466088148036e-03	5.866656e+00
1.264467007484112e-03	5.866658e+00
1.264467900427990e-03	5.866660e+00
1.264468605142412e-03	5.866662e+00
1.264469327495726e-03	5.866663e+00
1.264470431375452e-03	5.866665e+00
1.264471554313340e-03	5.866667e+00
1.264473063742484e-03	5.866670e+00
1.264474733377784e-03	5.866673e+00
1.264476802042145e-03	5.866678e+00
1.264479066679360e-03	5.866682e+00
1.264482231351127e-03	5.866688e+00
1.264485739841562e-03	5.866695e+00
1.264489549658272e-03	5.866703e+00
1.264494107841292e-03	5.866711e+00
1.264498450722587e-03	5.866720e+00
1.264505094211918e-03	5.866732e+00
1.264511407969736e-03	5.866745e+00
1.264524035485372e-03	5.866768e+00
1.264536169503984e-03	5.866791e+00
1.264555469127753e-03	5.866827e+00
1.264576400360883e-03	5.866865e+00
1.264605883560721e-03	5.866919e+00
1.264639847598703e-03	5.866979e+00
1.264657012394575e-03	5.867009e+00
1.264671088046559e-03	5.867033e+00
1.264685237123626e-03	5.867056e+00
1.264699045969935e-03	5.867079e+00
1.264716618424590e-03	5.867108e+00
1.264735647136455e-03	5.867138e+00
1.264758505208986e-03	5.867174e+00
1.264787343015393e-03	5.867217e+00
1.264824397926600e-03	5.867270e+00
1.264876259440429e-03	5.867337e+00
1.264953905105071e-03	5.867425e+00
1.265081190374279e-03	5.867536e+00
1.265309304350858e-03	5.867683e+00
1.265321486051470e-03	5.867689e+00
1.265333586332486e-03	5.867693e+00
1.265338227143252e-03	5.867695e+00
1.265342567525473e-03	5.867697e+00
1.265345700552084e-03	5.867698e+00
1.265348223063859e-03	5.867699e+00
1.265350366587861e-03	5.867699e+00
1.265352559676914e-03	5.867700e+00
1.265354590779125e-03	5.867701e+00
1.265356821392136e-03	5.867702e+00
1.265359280708441e-03	5.867702e+00
1.265362167157912e-03	5.867703e+00
1.265365790730149e-03	5.867704e+00
1.265370423110942e-03	5.867706e+00
1.265371203635071e-03	5.867706e+00
1.265372764683332e-03	5.867706e+00
1.265373154945397e-03	5.867706e+00
1.265373935469526e-03	5.867707e+00
1.265374489943817e-03	5.867707e+00
1.265374541510705e-03	5.867707e+00
1.265374644644481e-03	5.867707e+00
1.265374850912033e-03	5.867707e+00
1.265375263447136e-03	5.867707e+00
1.265376088517343e-03	5.867707e+00
1.265377738657755e-03	5.867708e+00
1.265381038938581e-03	5.867709e+00
1.265387639500231e-03	5.867711e+00
1.265400840623531e-03	5.867714e+00
1.265427242870133e-03	5.867721e+00
1.265480047363336e-03	5.867732e+00
1.265585656349742e-03	5.867747e+00
1.265729799927944e-03	5.867760e+00
1.265882710376983e-03	5.867767e+00
1.266049274061338e-03	5.867771e+00
1.266208242902328e-03	5.867774e+00
1.266383799465385e-03	5.867775e+00
1.266642352821168e-03	5.867776e+00
1.267025752042880e-03	5.867778e+00
1.267080212120570e-03	5.867778e+00
1.267189132275949e-03	5.867778e+00
1.267266237493546e-03	5.867778e+00
1.267338269546340e-03	5.867777e+00
1.267404195099180e-03	5.867776e+00
1.267472223356957e-03	5.867774e+00
1.267512143551524e-03	5.867774e+00
1.267533055686350e-03	5.867773e+00
1.267544069323253e-03	5.867773e+00
1.267550774721733e-03	5.867773e+00
1.267557216549183e-03	5.867773e+00
1.267564235734606e-03	5.867773e+00
1.267578274105451e-03	5.867772e+00
1.267591656684080e-03	5.867769e+00
1.267605064831673e-03	5.867763e+00
1.267615209293890e-03	5.867757e+00
1.267626258121827e-03	5.867749e+00
1.267640561353085e-03	5.867737e+00
1.267656102447588e-03	5.867722e+00
1.267683523516484e-03	5.867692e+00
1.267711915993747e-03	5.867655e+00
1.267726051507578e-03	5.867635e+00
1.267732814421731e-03	5.867624e+00
1.267738123653346e-03	5.867616e+00
1.267743188626095e-03	5.867608e+00
1.267748956783053e-03	5.867599e+00
1.267754958598199e-03	5.867590e+00
1.267763778889641e-03	5.867576e+00
1.267771948902762e-03	5.867563e+00
1.267786228741424e-03	5.867541e+00
1.267801032479145e-03	5.867518e+00
1.267830639954589e-03	5.867471e+00
1.267869075212133e-03	5.867410e+00
1.267945945727219e-03	5.867288e+00
1.268092065519191e-03	5.867054e+00
1.268275760213554e-03	5.866759e+00
1.268528601903724e-03	5.866353e+00
1.268897649576738e-03	5.865760e+00
1.269492089798951e-03	5.864806e+00
1.269573195115816e-03	5.864676e+00
1.269737841543855e-03	5.864411e+00
1.269747584721094e-03	5.864396e+00
1.269752197614375e-03	5.864388e+00
1.269755728144717e-03	5.864382e+00
1.269758419719485e-03	5.864378e+00
1.269760530055165e-03	5.864375e+00
1.269762796491237e-03	5.864371e+00
1.269767329363381e-03	5.864364e+00
1.269776395107669e-03	5.864349e+00
1.269794526596247e-03	5.864320e+00
1.269830789573401e-03	5.864262e+00
1.269903315527708e-03	5.864145e+00
1.270048367436322e-03	5.863913e+00
1.270338471253552e-03	5.863447e+00
1.270918678888012e-03	5.862516e+00
1.270934888959378e-03	5.862490e+00
1.270967309102113e-03	5.862438e+00
1.271032149387582e-03	5.862334e+00
1.271075123762228e-03	5.862265e+00
1.271096354635993e-03	5.862231e+00
1.271109750196172e-03	5.862209e+00
1.271118285023496e-03	5.862195e+00
1.271124864731972e-03	5.862185e+00
1.271131727996219e-03	5.862174e+00
1.271139034707526e-03	5.862162e+00
1.271150149023114e-03	5.862144e+00
1.271170086703712e-03	5.862113e+00
1.271209962064908e-03	5.862049e+00
1.271289712787300e-03	5.861920e+00
1.271423407978056e-03	5.861706e+00
1.271602099425010e-03	5.861419e+00
1.271918008822859e-03	5.860912e+00
1.272519755804043e-03	5.859947e+00
1.273378918266949e-03	5.858569e+00
1.274705111243328e-03	5.856441e+00
1.276947250945417e-03	5.852844e+00
1.279370445585815e-03	5.848957e+00
1.281684569169733e-03	5.845244e+00
1.284040971619117e-03	5.841463e+00
1.286998838695799e-03	5.836717e+00
1.290485091461701e-03	5.831123e+00
1.294924428981971e-03	5.824000e+00
1.300404303513294e-03	5.815207e+00
1.308010919963685e-03	5.803002e+00
1.317610919963685e-03	5.787599e+00
1.327210919963685e-03	5.772194e+00
1.336810919963685e-03	5.756791e+00
1.346410919963686e-03	5.741386e+00
1.356010919963686e-03	5.725983e+00
1.365610919963686e-03	5.710578e+00
1.375210919963686e-03	5.695174e+00
1.384810919963687e-03	5.679770e+00
1.394410919963687e-03	5.664366e+00
1.404010919963687e-03	5.648962e+00
1.413610919963687e-03	5.633558e+00
1.423210919963688e-03	5.618155e+00
1.432810919963688e-03	5.602750e+00
1.442410919963688e-03	5.587347e+00
1.452010919963688e-03	5.571943e+00
1.461610919963688e-03	5.556539e+00
1.471210919963689e-03	5.541135e+00
1.480810919963689e-03	5.525731e+00
1.490410919963689e-03	5.510327e+00
1.500010919963689e-03	5.494923e+00
1.509610919963690e-03	5.479519e+00
1.510810919963689e-03	5.477594e+00
1.513210919963689e-03	5.473743e+00
1.518010919963689e-03	5.466041e+00
1.527610919963689e-03	5.450637e+00
1.537210919963690e-03	5.435234e+00
1.546810919963690e-03	5.419830e+00
1.556410919963690e-03	5.404427e+00
1.566010919963690e-03	5.389023e+00
1.575610919963691e-03	5.373620e+00
1.585210919963691e-03	5.358216e+00
1.594810919963691e-03	5.342813e+00
1.604410919963691e-03	5.327409e+00
1.614010919963692e-03	5.312006e+00
1.623610919963692e-03	5.296602e+00
1.633210919963692e-03	5.281199e+00
1.642810919963692e-03	5.265795e+00
1.652410919963692e-03	5.250392e+00
1.662010919963693e-03	5.234989e+00
1.671610919963693e-03	5.219585e+00
1.681210919963693e-03	5.204182e+00
1.690810919963693e-03	5.188779e+00
1.700410919963694e-03	5.173376e+00
1.710010919963694e-03	5.157972e+00
1.719610919963694e-03	5.142570e+00
1.729210919963694e-03	5.127166e+00
1.738810919963695e-03	5.111763e+00
1.748410919963695e-03	5.096360e+00
1.758010919963695e-03	5.080957e+00
1.767610919963695e-03	5.065554e+00
1.786810919963696e-03	5.034749e+00
1.796410919963696e-03	5.019346e+00
1.806010919963696e-03	5.003942e+00
1.815610919963696e-03	4.988540e+00
1.825210919963697e-03	4.973137e+00
1.834810919963697e-03	4.957735e+00
1.844410919963697e-03	4.942332e+00
1.854010919963697e-03	4.926929e+00
1.863610919963698e-03	4.911526e+00
1.882810919963698e-03	4.880721e+00
1.892410919963698e-03	4.865319e+00
1.902010919963699e-03	4.849916e+00
1.911610919963699e-03	4.834514e+00
1.921210919963699e-03	4.819111e+00
1.930810919963699e-03	4.803709e+00
1.940410919963699e-03	4.788307e+00
1.950010919963700e-03	4.772904e+00
1.959610919963700e-03	4.757502e+00
1.969210919963700e-03	4.742100e+00
1.978810919963700e-03	4.726697e+00
1.988410919963701e-03	4.711295e+00
1.998010919963701e-03	4.695893e+00
2.007610919963701e-03	4.680491e+00
2.017210919963701e-03	4.665089e+00
2.026810919963702e-03	4.649687e+00
2.036410919963702e-03	4.634284e+00
2.046010919963702e-03	4.618883e+00
2.055610919963702e-03	4.603481e+00
2.065210919963702e-03	4.588078e+00
2.074810919963703e-03	4.572677e+00
2.084410919963703e-03	4.557275e+00
2.094010919963703e-03	4.541873e+00
2.103610919963703e-03	4.526471e+00
2.113210919963704e-03	4.511069e+00
2.122810919963704e-03	4.495668e+00
2.132410919963704e-03	4.480266e+00
2.142010919963704e-03	4.464864e+00
2.151610919963705e-03	4.449463e+00
2.161210919963705e-03	4.434061e+00
2.170810919963705e-03	4.418660e+00
2.180410919963705e-03	4.403258e+00
2.190010919963706e-03	4.387856e+00
2.199610919963706e-03	4.372455e+00
2.209210919963706e-03	4.357054e+00
2.218810919963706e-03	4.341652e+00
2.228410919963706e-03	4.326252e+00
2.238010919963707e-03	4.310850e+00
2.245244800030007e-03	4.299245e+00
2.254844800030007e-03	4.283844e+00
2.255804800030007e-03	4.282305e+00
2.257724800030007e-03	4.279224e+00
2.261684800030007e-03	4.272872e+00
2.262404800030007e-03	4.271717e+00
2.263364800030007e-03	4.270177e+00
2.265284800030007e-03	4.267097e+00
2.265723422204381e-03	4.266393e+00
2.266600666553130e-03	4.264986e+00
2.266743695199786e-03	4.264757e+00
2.267029752493100e-03	4.264297e+00
2.267151325921834e-03	4.264102e+00
2.267194599698785e-03	4.264033e+00
2.267220532244805e-03	4.263991e+00
2.267245811344704e-03	4.263951e+00
2.267294299203152e-03	4.263873e+00
2.267391274920049e-03	4.263718e+00
2.267460143283695e-03	4.263607e+00
2.267496359790179e-03	4.263549e+00
2.267515186091639e-03	4.263519e+00
2.267523969666270e-03	4.263505e+00
2.267534548396389e-03	4.263488e+00
2.267539860083185e-03	4.263479e+00
2.267546032019401e-03	4.263469e+00
2.267551862371232e-03	4.263460e+00
2.267558587294412e-03	4.263449e+00
2.267570043600828e-03	4.263431e+00
2.267586169872928e-03	4.263405e+00
2.267603397990749e-03	4.263377e+00
2.267624506611860e-03	4.263343e+00
2.267649428189086e-03	4.263303e+00
2.267683714710864e-03	4.263248e+00
2.267729348721726e-03	4.263175e+00
2.267780919712753e-03	4.263093e+00
2.267840221760351e-03	4.262997e+00
2.267909084230686e-03	4.262887e+00
2.267993688375221e-03	4.262751e+00
2.268162896664292e-03	4.262480e+00
2.268406256610209e-03	4.262089e+00
2.268413861608519e-03	4.262077e+00
2.268415963526633e-03	4.262074e+00
2.268416364863706e-03	4.262073e+00
2.268416890245479e-03	4.262072e+00
2.268416938667330e-03	4.262072e+00
2.268417035511030e-03	4.262072e+00
2.268417207303165e-03	4.262072e+00
2.268417383942565e-03	4.262071e+00
2.268417737221366e-03	4.262071e+00
2.268418443778968e-03	4.262070e+00
2.268419856894172e-03	4.262067e+00
2.268422683124581e-03	4.262063e+00
2.268428335585398e-03	4.262054e+00
2.268439640507031e-03	4.262036e+00
2.268462250350298e-03	4.261999e+00
2.268507470036831e-03	4.261927e+00
2.268597909409898e-03	4.261782e+00
2.268721722670504e-03	4.261583e+00
2.268967868789887e-03	4.261189e+00
2.269441251963753e-03	4.260429e+00
2.269832820945378e-03	4.259802e+00
2.269839463023518e-03	4.259791e+00
2.269852747179799e-03	4.259770e+00
2.269879315492358e-03	4.259727e+00
2.269932452117477e-03	4.259642e+00
2.270042046406786e-03	4.259467e+00
2.270058218063962e-03	4.259441e+00
2.270074389721139e-03	4.259415e+00
2.270090561378315e-03	4.259389e+00
2.270106733035492e-03	4.259364e+00
2.270122904692668e-03	4.259338e+00
2.270139076349844e-03	4.259312e+00
2.270155248007021e-03	4.259286e+00
2.270157010592828e-03	4.259283e+00
2.270158350081193e-03	4.259281e+00
2.270159313700183e-03	4.259280e+00
2.270159879699711e-03	4.259279e+00
2.270160568468268e-03	4.259278e+00
2.270161355506695e-03	4.259276e+00
2.270162239404976e-03	4.259274e+00
2.270162623995841e-03	4.259274e+00
2.270162837994723e-03	4.259273e+00
2.270162964747833e-03	4.259273e+00
2.270163087775553e-03	4.259273e+00
2.270163230581407e-03	4.259273e+00
2.270163382692412e-03	4.259272e+00
2.270163686914420e-03	4.259271e+00
2.270164295358438e-03	4.259270e+00
2.270165114913323e-03	4.259268e+00
2.270166704766083e-03	4.259264e+00
2.270169018939901e-03	4.259259e+00
2.270173271988298e-03	4.259249e+00
2.270175637454099e-03	4.259244e+00
2.270177939222663e-03	4.259239e+00
2.270179293077673e-03	4.259237e+00
2.270180959348828e-03	4.259233e+00
2.270182762035719e-03	4.259230e+00
2.270185026138734e-03	4.259227e+00
2.270188092212082e-03	4.259222e+00
2.270190952785729e-03	4.259218e+00
2.270194595607602e-03	4.259213e+00
2.270198104772537e-03	4.259209e+00
2.270201990551245e-03	4.259205e+00
2.270206115771507e-03	4.259201e+00
2.270210430026937e-03	4.259197e+00
2.270214877909530e-03	4.259193e+00
2.270220083220697e-03	4.259189e+00
2.270223317495101e-03	4.259187e+00
2.270227189336810e-03	4.259185e+00
2.270230887422046e-03	4.259182e+00
2.270235031349421e-03	4.259179e+00
2.270242875676951e-03	4.259172e+00
2.270249027746622e-03	4.259167e+00
2.270256375819700e-03	4.259163e+00
2.270260473673238e-03	4.259161e+00
2.270266230992161e-03	4.259161e+00
2.270272103201069e-03	4.259161e+00
2.270279573179967e-03	4.259162e+00
2.270288681213824e-03	4.259163e+00
2.270300906271859e-03	4.259164e+00
2.270325356387929e-03	4.259166e+00
2.270359963389374e-03	4.259169e+00
2.270398714646803e-03	4.259171e+00
2.270444169895762e-03	4.259175e+00
2.270488794836458e-03	4.259179e+00
2.270534101854266e-03	4.259185e+00
2.270590091987490e-03	4.259193e+00
2.270652880106680e-03	4.259206e+00
2.270751201792526e-03	4.259233e+00
2.270947845164217e-03	4.259311e+00
2.271265953351979e-03	4.259477e+00
2.271498443164677e-03	4.259628e+00
2.271617950686017e-03	4.259717e+00
2.271660631866693e-03	4.259752e+00
2.271686381111662e-03	4.259773e+00
2.271711744906916e-03	4.259795e+00
2.271746371491785e-03	4.259827e+00
2.271795268327258e-03	4.259873e+00
2.271863725010361e-03	4.259942e+00
2.271976737945024e-03	4.260069e+00
2.272177580881897e-03	4.260325e+00
2.272480021614438e-03	4.260764e+00
2.272809858253120e-03	4.261287e+00
2.273198153317739e-03	4.261930e+00
2.273507686224703e-03	4.262449e+00
2.273754561738420e-03	4.262863e+00
2.274042200666771e-03	4.263345e+00
2.274605608696758e-03	4.264287e+00
2.275442588581731e-03	4.265685e+00
2.275458299303743e-03	4.265711e+00
2.275489720747769e-03	4.265763e+00
2.275497884304540e-03	4.265777e+00
2.275506325220887e-03	4.265791e+00
2.275506944893959e-03	4.265792e+00
2.275508184240102e-03	4.265794e+00
2.275510662932388e-03	4.265798e+00
2.275512164107409e-03	4.265800e+00
2.275513739237773e-03	4.265803e+00
2.275515281996072e-03	4.265806e+00
2.275518367512672e-03	4.265811e+00
2.275524538545872e-03	4.265821e+00
2.275536880612270e-03	4.265842e+00
2.275561564745067e-03	4.265883e+00
2.275610933010661e-03	4.265965e+00
2.275709669541849e-03	4.266130e+00
2.275907142604225e-03	4.266459e+00
2.276302088728978e-03	4.267117e+00
2.276572769765043e-03	4.267568e+00
2.276616000670316e-03	4.267640e+00
2.276702462480862e-03	4.267784e+00
2.276763937927238e-03	4.267886e+00
2.276779306788832e-03	4.267912e+00
2.276794765157976e-03	4.267938e+00
2.276801912727527e-03	4.267950e+00
2.276805981712672e-03	4.267956e+00
2.276809387605443e-03	4.267962e+00
2.276812409482180e-03	4.267967e+00
2.276815511980214e-03	4.267972e+00
2.276819720183679e-03	4.267979e+00
2.276825137644965e-03	4.267988e+00
2.276835972567537e-03	4.268006e+00
2.276857642412681e-03	4.268042e+00
2.276900982102969e-03	4.268114e+00
2.276977599645809e-03	4.268242e+00
2.277075160957614e-03	4.268404e+00
2.277232060707273e-03	4.268665e+00
2.277461553734257e-03	4.269047e+00
2.277811218669416e-03	4.269629e+00
2.278358319932415e-03	4.270539e+00
2.279082524523812e-03	4.271743e+00
2.280135894337281e-03	4.273493e+00
2.281798633482277e-03	4.276256e+00
2.283617642464276e-03	4.279278e+00
2.285354217998747e-03	4.282162e+00
2.287191901692500e-03	4.285214e+00
2.288939123419307e-03	4.288116e+00
2.290746987929534e-03	4.291118e+00
2.292494168684033e-03	4.294020e+00
2.294282826674136e-03	4.296990e+00
2.296020445261232e-03	4.299876e+00
2.297771169611763e-03	4.302783e+00
2.299463289377561e-03	4.305593e+00
2.301124819870928e-03	4.308352e+00
2.302681336555771e-03	4.310937e+00
2.304479293271702e-03	4.313922e+00
2.306283692982994e-03	4.316919e+00
2.308116127741736e-03	4.319962e+00
2.309877249595126e-03	4.322886e+00
2.311671575636287e-03	4.325865e+00
2.313442202115059e-03	4.328805e+00
2.315241704955480e-03	4.331793e+00
2.317018842095428e-03	4.334744e+00
2.318812869282641e-03	4.337722e+00
2.320591406853031e-03	4.340675e+00
2.322382954611014e-03	4.343650e+00
2.324163842329475e-03	4.346607e+00
2.325953414987287e-03	4.349578e+00
2.327735091156801e-03	4.352536e+00
2.329523006990201e-03	4.355505e+00
2.331304337062972e-03	4.358462e+00
2.333088307464598e-03	4.361423e+00
2.334869014522352e-03	4.364380e+00
2.336648194556066e-03	4.367333e+00
2.338706231962228e-03	4.370750e+00
2.341147351897329e-03	4.374803e+00
2.347736061208811e-03	4.385740e+00
2.352413691704214e-03	4.393505e+00
2.358743526001899e-03	4.404012e+00
2.368245782006187e-03	4.419784e+00
2.377845782006188e-03	4.435718e+00
2.387445782006188e-03	4.451650e+00
2.397045782006188e-03	4.467582e+00
2.400000000000001e-03	4.472484e+00
