time	V(n001)	V(n003)
0.000000000000000e+00	-1.000000e+01	1.267545e+01
7.314285685059273e-10	-9.999971e+00	1.267545e+01
1.462857137011855e-09	-9.999942e+00	1.267545e+01
2.194285705517782e-09	-9.999913e+00	1.267545e+01
2.925714274023709e-09	-9.999883e+00	1.267545e+01
3.657142842529636e-09	-9.999854e+00	1.267545e+01
4.388571411035564e-09	-9.999824e+00	1.267545e+01
5.119999979541490e-09	-9.999795e+00	1.267545e+01
3.703107199947651e-04	4.812429e+00	1.267546e+01
3.713107199947652e-04	4.852429e+00	1.267545e+01
3.723107199947652e-04	4.892429e+00	1.267545e+01
3.733107199947652e-04	4.932429e+00	1.267546e+01
3.743107199947652e-04	4.972429e+00	1.267546e+01
3.753107199947653e-04	5.012429e+00	1.267546e+01
3.763107199947653e-04	5.052429e+00	1.267546e+01
3.773107199947653e-04	5.092429e+00	1.267546e+01
3.783107199947653e-04	5.132429e+00	1.252018e+01
3.787932891331355e-04	5.151731e+00	1.206677e+01
3.792898099292339e-04	5.171592e+00	1.094606e+01
3.798870932656423e-04	5.195484e+00	8.675071e+00
3.807710805443113e-04	5.230843e+00	3.780618e+00
3.816803171613530e-04	5.267213e+00	-2.591825e+00
3.824849617431182e-04	5.299398e+00	-8.640370e+00
3.829559608819305e-04	5.318238e+00	-1.173729e+01
3.832296276143576e-04	5.329185e+00	-1.291733e+01
3.833321054748523e-04	5.333284e+00	-1.307882e+01
3.833971182492583e-04	5.335885e+00	-1.309088e+01
3.836006519744280e-04	5.344026e+00	-1.310563e+01
3.839014864454037e-04	5.356060e+00	-1.311232e+01
4.994151127465403e-04	9.976604e+00	-1.311523e+01
5.000000000000000e-04	1.000000e+01	-1.311587e+01
5.000000000300000e-04	1.000000e+01	-1.311587e+01
5.000001498353955e-04	9.999994e+00	-1.311580e+01
5.000002996407910e-04	9.999988e+00	-1.311574e+01
5.000004494461865e-04	9.999982e+00	-1.311568e+01
5.000005992515820e-04	9.999976e+00	-1.311564e+01
5.000007490569775e-04	9.999970e+00	-1.311559e+01
5.000008988623730e-04	9.999964e+00	-1.311556e+01
5.000010486677685e-04	9.999958e+00	-1.311553e+01
5.000020972435369e-04	9.999916e+00	-1.311538e+01
5.000041943950738e-04	9.999832e+00	-1.311527e+01
5.000083886981475e-04	9.999664e+00	-1.311522e+01
5.000335545165900e-04	9.998658e+00	-1.311522e+01
8.740737416788880e-04	-4.962950e+00	-1.311521e+01
8.770737416788880e-04	-5.082950e+00	-1.310354e+01
8.780737416788881e-04	-5.122950e+00	-1.307068e+01
8.787276030609260e-04	-5.149104e+00	-1.298330e+01
8.791066689102156e-04	-5.164267e+00	-1.274958e+01
8.793826050053008e-04	-5.175304e+00	-1.229252e+01
8.796478212567875e-04	-5.185913e+00	-1.149360e+01
8.800909029484769e-04	-5.203636e+00	-9.492398e+00
8.806936249722290e-04	-5.227745e+00	-5.735332e+00
8.814041685830399e-04	-5.256167e+00	1.334547e-02
8.824041685830399e-04	-5.296167e+00	9.135126e+00
8.827961428427205e-04	-5.311846e+00	1.249460e+01
8.828101385359781e-04	-5.312406e+00	1.257296e+01
8.828381299224932e-04	-5.313525e+00	1.263634e+01
8.828866463564959e-04	-5.315466e+00	1.267163e+01
8.829300721357375e-04	-5.317203e+00	1.267579e+01
8.829770836828298e-04	-5.319083e+00	1.267545e+01
9.513372357397229e-04	-8.053490e+00	1.267545e+01
9.990000001000000e-04	-9.960000e+00	1.267545e+01
1.000000000100000e-03	-1.000000e+01	1.267545e+01
1.000100000100000e-03	-9.996000e+00	1.267545e+01
1.000300000100000e-03	-9.988000e+00	1.267545e+01
1.053185714385710e-03	-7.872571e+00	1.267545e+01
1.106071428671420e-03	-5.757143e+00	1.267545e+01
1.158957142957129e-03	-3.641714e+00	1.267545e+01
1.211842857242839e-03	-1.526286e+00	1.267545e+01
1.264728571528549e-03	5.891428e-01	1.267545e+01
1.317614285814259e-03	2.704571e+00	1.267545e+01
1.370500000099969e-03	4.820000e+00	1.267546e+01
1.371357142957112e-03	4.854286e+00	1.267545e+01
1.372214285814254e-03	4.888572e+00	1.267545e+01
1.373071428671397e-03	4.922857e+00	1.267546e+01
1.373928571528540e-03	4.957143e+00	1.267546e+01
1.374785714385683e-03	4.991429e+00	1.267546e+01
1.375642857242826e-03	5.025714e+00	1.267546e+01
1.376500000099968e-03	5.060000e+00	1.267546e+01
1.377500000099968e-03	5.100000e+00	1.267133e+01
1.378347297271873e-03	5.133892e+00	1.250104e+01
1.378776188784543e-03	5.151048e+00	1.205975e+01
1.379217910075066e-03	5.168716e+00	1.107335e+01
1.379681994711041e-03	5.187280e+00	9.395622e+00
1.380544376869207e-03	5.221775e+00	4.858004e+00
1.381497086128280e-03	5.259883e+00	-1.577485e+00
1.382382310403687e-03	5.295292e+00	-8.158052e+00
1.382879596409666e-03	5.315184e+00	-1.148590e+01
1.383183586665877e-03	5.327343e+00	-1.288598e+01
1.383291113424546e-03	5.331645e+00	-1.307672e+01
1.383358813657875e-03	5.334352e+00	-1.309016e+01
1.383440710558709e-03	5.337628e+00	-1.309853e+01
1.383553446582998e-03	5.342138e+00	-1.310518e+01
1.383814401921444e-03	5.352576e+00	-1.311175e+01
1.499000000100002e-03	9.960000e+00	-1.311523e+01
1.500000000100002e-03	1.000000e+01	-1.311609e+01
1.500000000110002e-03	1.000000e+01	-1.311609e+01
1.500000000194859e-03	1.000000e+01	-1.311609e+01
1.500000000279717e-03	1.000000e+01	-1.311609e+01
1.500000000364574e-03	1.000000e+01	-1.311609e+01
1.500000000449431e-03	1.000000e+01	-1.311609e+01
1.500000000534288e-03	1.000000e+01	-1.311609e+01
1.500000000619145e-03	1.000000e+01	-1.311609e+01
1.500000000704003e-03	1.000000e+01	-1.311609e+01
1.500000150427560e-03	9.999994e+00	-1.311600e+01
1.500000300151118e-03	9.999988e+00	-1.311592e+01
1.500000449874676e-03	9.999982e+00	-1.311584e+01
1.500000599598234e-03	9.999976e+00	-1.311578e+01
1.500000749321792e-03	9.999970e+00	-1.311572e+01
1.500000899045350e-03	9.999964e+00	-1.311567e+01
1.500001048768907e-03	9.999958e+00	-1.311564e+01
1.500002097345813e-03	9.999916e+00	-1.311544e+01
1.500004194499623e-03	9.999832e+00	-1.311528e+01
1.500008388807245e-03	9.999664e+00	-1.311522e+01
1.500016777422487e-03	9.999329e+00	-1.311522e+01
1.874073742943003e-03	-4.962950e+00	-1.311521e+01
1.877073742943003e-03	-5.082950e+00	-1.310354e+01
1.878073742943003e-03	-5.122950e+00	-1.307068e+01
1.878727604370688e-03	-5.149104e+00	-1.298330e+01
1.879106670353347e-03	-5.164267e+00	-1.274957e+01
1.879382607254841e-03	-5.175304e+00	-1.229252e+01
1.879647824321419e-03	-5.185913e+00	-1.149359e+01
1.880090909937220e-03	-5.203636e+00	-9.492368e+00
1.880693623964888e-03	-5.227745e+00	-5.735349e+00
1.881404167003442e-03	-5.256166e+00	1.332508e-02
1.882404167003442e-03	-5.296167e+00	9.135110e+00
1.882796141546797e-03	-5.311846e+00	1.249460e+01
1.882810137193065e-03	-5.312406e+00	1.257296e+01
1.882838128485599e-03	-5.313525e+00	1.263634e+01
1.882886644554214e-03	-5.315466e+00	1.267163e+01
1.882930069831047e-03	-5.317203e+00	1.267579e+01
1.882977080973302e-03	-5.319083e+00	1.267545e+01
1.917337239541659e-03	-6.693490e+00	1.267545e+01
1.999000000200002e-03	-9.960000e+00	1.267545e+01
2.000000000200002e-03	-1.000000e+01	1.267545e+01
2.000100000200002e-03	-9.996000e+00	1.267545e+01
2.000300000200002e-03	-9.988000e+00	1.267545e+01
2.053185714485724e-03	-7.872571e+00	1.267545e+01
2.106071428771445e-03	-5.757143e+00	1.267545e+01
2.158957143057166e-03	-3.641714e+00	1.267545e+01
2.211842857342888e-03	-1.526286e+00	1.267545e+01
2.264728571628609e-03	5.891428e-01	1.267545e+01
2.317614285914330e-03	2.704571e+00	1.267545e+01
2.370500000200051e-03	4.820000e+00	1.267546e+01
2.371357143057194e-03	4.854286e+00	1.267545e+01
2.372214285914337e-03	4.888572e+00	1.267545e+01
2.373071428771480e-03	4.922857e+00	1.267546e+01
2.373928571628623e-03	4.957143e+00	1.267546e+01
2.374785714485766e-03	4.991429e+00	1.267546e+01
2.375642857342909e-03	5.025714e+00	1.267546e+01
2.376500000200052e-03	5.060000e+00	1.267546e+01
2.377500000200052e-03	5.100000e+00	1.267133e+01
2.378347297371847e-03	5.133892e+00	1.250104e+01
2.378776188884487e-03	5.151048e+00	1.205975e+01
2.379217910174983e-03	5.168716e+00	1.107335e+01
2.379681994810974e-03	5.187280e+00	9.395622e+00
2.380544376969516e-03	5.221775e+00	4.858004e+00
2.381497086228339e-03	5.259883e+00	-1.577485e+00
2.382382310503698e-03	5.295292e+00	-8.158052e+00
2.382879596509685e-03	5.315184e+00	-1.148590e+01
2.383183586765900e-03	5.327343e+00	-1.288598e+01
2.383291113524586e-03	5.331645e+00	-1.307672e+01
2.383358813757918e-03	5.334352e+00	-1.309016e+01
2.383440710658751e-03	5.337628e+00	-1.309853e+01
2.383553446683040e-03	5.342138e+00	-1.310518e+01
2.383814402021465e-03	5.352576e+00	-1.311175e+01
2.499000000200004e-03	9.960000e+00	-1.311523e+01
2.500000000200004e-03	1.000000e+01	-1.311609e+01
2.500000000210004e-03	1.000000e+01	-1.311609e+01
2.500000000294861e-03	1.000000e+01	-1.311609e+01
2.500000000379718e-03	1.000000e+01	-1.311609e+01
2.500000000464575e-03	1.000000e+01	-1.311609e+01
2.500000000549433e-03	1.000000e+01	-1.311609e+01
2.500000000634290e-03	1.000000e+01	-1.311609e+01
2.500000000719147e-03	1.000000e+01	-1.311609e+01
2.500000000804004e-03	1.000000e+01	-1.311609e+01
2.500000150527237e-03	9.999994e+00	-1.311600e+01
2.500000300250470e-03	9.999988e+00	-1.311592e+01
2.500000449973703e-03	9.999982e+00	-1.311584e+01
2.500000599696936e-03	9.999976e+00	-1.311578e+01
2.500000749420169e-03	9.999970e+00	-1.311572e+01
2.500000899143403e-03	9.999964e+00	-1.311567e+01
2.500001048866636e-03	9.999958e+00	-1.311564e+01
2.500002097441267e-03	9.999916e+00	-1.311544e+01
2.500004194590530e-03	9.999832e+00	-1.311528e+01
2.500008388889057e-03	9.999664e+00	-1.311522e+01
2.500016777486109e-03	9.999329e+00	-1.311522e+01
2.874073740714779e-03	-4.962950e+00	-1.311521e+01
2.877073740714780e-03	-5.082950e+00	-1.310354e+01
2.878073740714780e-03	-5.122950e+00	-1.307068e+01
2.878727603479371e-03	-5.149104e+00	-1.298330e+01
2.879106669170894e-03	-5.164267e+00	-1.274957e+01
2.879382606114403e-03	-5.175304e+00	-1.229252e+01
2.879647823565585e-03	-5.185913e+00	-1.149359e+01
2.880090909263916e-03	-5.203636e+00	-9.492362e+00
2.880693623103295e-03	-5.227745e+00	-5.735343e+00
2.881404167875620e-03	-5.256167e+00	1.334805e-02
2.882404167875620e-03	-5.296167e+00	9.135128e+00
2.882796142024451e-03	-5.311846e+00	1.249460e+01
2.882810137753256e-03	-5.312406e+00	1.257296e+01
2.882838129210865e-03	-5.313525e+00	1.263634e+01
2.882886645585001e-03	-5.315466e+00	1.267163e+01
2.882930071313634e-03	-5.317203e+00	1.267579e+01
2.882977082850861e-03	-5.319083e+00	1.267545e+01
2.883635244372052e-03	-5.345410e+00	1.267545e+01
2.999000000300004e-03	-9.960000e+00	1.267545e+01
3.000000000300004e-03	-1.000000e+01	1.267545e+01
3.000100000300004e-03	-9.996000e+00	1.267545e+01
3.000300000300004e-03	-9.988000e+00	1.267545e+01
3.053185714585725e-03	-7.872571e+00	1.267545e+01
3.106071428871446e-03	-5.757143e+00	1.267545e+01
3.158957143157168e-03	-3.641714e+00	1.267545e+01
3.211842857442889e-03	-1.526286e+00	1.267545e+01
3.264728571728610e-03	5.891428e-01	1.267545e+01
3.317614286014332e-03	2.704571e+00	1.267545e+01
3.370500000300053e-03	4.820000e+00	1.267546e+01
3.371357143157196e-03	4.854286e+00	1.267545e+01
3.372214286014339e-03	4.888572e+00	1.267545e+01
3.373071428871482e-03	4.922857e+00	1.267546e+01
3.373928571728625e-03	4.957143e+00	1.267546e+01
3.374785714585768e-03	4.991429e+00	1.267546e+01
3.375642857442910e-03	5.025714e+00	1.267546e+01
3.376500000300054e-03	5.060000e+00	1.267546e+01
3.377500000300054e-03	5.100000e+00	1.267133e+01
3.378347297471842e-03	5.133892e+00	1.250104e+01
3.378776188984481e-03	5.151048e+00	1.205975e+01
3.379217910274974e-03	5.168716e+00	1.107335e+01
3.379681994910966e-03	5.187280e+00	9.395622e+00
3.380544377069532e-03	5.221775e+00	4.858004e+00
3.381497086328340e-03	5.259883e+00	-1.577485e+00
3.382382310603694e-03	5.295292e+00	-8.158052e+00
3.382879596609683e-03	5.315184e+00	-1.148590e+01
3.383183586865898e-03	5.327343e+00	-1.288598e+01
3.383291113624584e-03	5.331645e+00	-1.307672e+01
3.383358813857916e-03	5.334352e+00	-1.309016e+01
3.383440710758749e-03	5.337628e+00	-1.309853e+01
3.383553446783039e-03	5.342138e+00	-1.310518e+01
3.383814402121462e-03	5.352576e+00	-1.311175e+01
3.499000000300006e-03	9.960000e+00	-1.311523e+01
3.500000000300006e-03	1.000000e+01	-1.311609e+01
3.500000000310006e-03	1.000000e+01	-1.311609e+01
3.500000000394863e-03	1.000000e+01	-1.311609e+01
3.500000000479720e-03	1.000000e+01	-1.311609e+01
3.500000000564577e-03	1.000000e+01	-1.311609e+01
3.500000000649435e-03	1.000000e+01	-1.311609e+01
3.500000000734292e-03	1.000000e+01	-1.311609e+01
3.500000000819149e-03	1.000000e+01	-1.311609e+01
3.500000000904006e-03	1.000000e+01	-1.311609e+01
3.500000150627239e-03	9.999994e+00	-1.311600e+01
3.500000300350472e-03	9.999988e+00	-1.311592e+01
3.500000450073705e-03	9.999982e+00	-1.311584e+01
3.500000599796938e-03	9.999976e+00	-1.311578e+01
3.500000749520171e-03	9.999970e+00	-1.311572e+01
3.500000899243405e-03	9.999964e+00	-1.311567e+01
3.500001048966638e-03	9.999958e+00	-1.311564e+01
3.500002097541269e-03	9.999916e+00	-1.311544e+01
3.500004194690532e-03	9.999832e+00	-1.311528e+01
3.500008388989059e-03	9.999664e+00	-1.311522e+01
3.500016777586111e-03	9.999329e+00	-1.311522e+01
3.861073740814780e-03	-4.442950e+00	-1.311522e+01
3.863073740814780e-03	-4.522950e+00	-1.311523e+01
3.865073740814780e-03	-4.602950e+00	-1.311523e+01
3.867073740814781e-03	-4.682950e+00	-1.311523e+01
3.869073740814781e-03	-4.762950e+00	-1.311522e+01
3.871073740814781e-03	-4.842950e+00	-1.311521e+01
3.873073740814781e-03	-4.922950e+00	-1.311519e+01
3.875073740814782e-03	-5.002950e+00	-1.311516e+01
3.877073740814782e-03	-5.082950e+00	-1.310354e+01
3.878073740814782e-03	-5.122950e+00	-1.307068e+01
3.878727603579372e-03	-5.149104e+00	-1.298330e+01
3.879106669270878e-03	-5.164267e+00	-1.274957e+01
3.879382606214361e-03	-5.175304e+00	-1.229252e+01
3.879647823665528e-03	-5.185913e+00	-1.149359e+01
3.880090909363822e-03	-5.203636e+00	-9.492362e+00
3.880693623203213e-03	-5.227745e+00	-5.735343e+00
3.881404167975460e-03	-5.256167e+00	1.334805e-02
3.882404167975460e-03	-5.296167e+00	9.135128e+00
3.882796142124203e-03	-5.311846e+00	1.249460e+01
3.882810137852988e-03	-5.312406e+00	1.257296e+01
3.882838129310556e-03	-5.313525e+00	1.263634e+01
3.882886645684668e-03	-5.315466e+00	1.267163e+01
3.882930071413256e-03	-5.317203e+00	1.267579e+01
3.882977082950435e-03	-5.319083e+00	1.267545e+01
3.999000000400006e-03	-9.960000e+00	1.267545e+01
4.000000000400007e-03	-1.000000e+01	1.267545e+01
4.000100000400007e-03	-9.996000e+00	1.267545e+01
4.000300000400006e-03	-9.988000e+00	1.267545e+01
4.053185714685728e-03	-7.872571e+00	1.267545e+01
4.106071428971449e-03	-5.757143e+00	1.267545e+01
4.158957143257170e-03	-3.641714e+00	1.267545e+01
4.211842857542891e-03	-1.526286e+00	1.267545e+01
4.264728571828613e-03	5.891428e-01	1.267545e+01
4.317614286114334e-03	2.704571e+00	1.267545e+01
4.370500000400055e-03	4.820000e+00	1.267546e+01
4.371357143257198e-03	4.854286e+00	1.267545e+01
4.372214286114342e-03	4.888572e+00	1.267545e+01
4.373071428971484e-03	4.922857e+00	1.267546e+01
4.373928571828627e-03	4.957143e+00	1.267546e+01
4.374785714685770e-03	4.991429e+00	1.267546e+01
4.375642857542913e-03	5.025714e+00	1.267546e+01
4.376500000400056e-03	5.060000e+00	1.267546e+01
4.377500000400056e-03	5.100000e+00	1.267133e+01
4.378347297571844e-03	5.133892e+00	1.250104e+01
4.378776189084482e-03	5.151048e+00	1.205975e+01
4.379217910374975e-03	5.168716e+00	1.107335e+01
4.379681995010968e-03	5.187280e+00	9.395622e+00
4.380544377169534e-03	5.221775e+00	4.858004e+00
4.381497086428341e-03	5.259883e+00	-1.577485e+00
4.382382310703696e-03	5.295292e+00	-8.158052e+00
4.382879596709684e-03	5.315184e+00	-1.148590e+01
4.383183586965899e-03	5.327343e+00	-1.288598e+01
4.383291113724585e-03	5.331645e+00	-1.307672e+01
4.383358813957918e-03	5.334352e+00	-1.309016e+01
4.383440710858751e-03	5.337628e+00	-1.309853e+01
4.383553446883040e-03	5.342138e+00	-1.310518e+01
4.383814402221463e-03	5.352576e+00	-1.311175e+01
4.499000000400009e-03	9.960000e+00	-1.311523e+01
4.500000000400009e-03	1.000000e+01	-1.311609e+01
4.500000000410008e-03	1.000000e+01	-1.311609e+01
4.500000000494866e-03	1.000000e+01	-1.311609e+01
4.500000000579723e-03	1.000000e+01	-1.311609e+01
4.500000000664580e-03	1.000000e+01	-1.311609e+01
4.500000000749437e-03	1.000000e+01	-1.311609e+01
4.500000000834294e-03	1.000000e+01	-1.311609e+01
4.500000000919151e-03	1.000000e+01	-1.311609e+01
4.500000001004008e-03	1.000000e+01	-1.311609e+01
4.500000150727241e-03	9.999994e+00	-1.311600e+01
4.500000300450474e-03	9.999988e+00	-1.311592e+01
4.500000450173707e-03	9.999982e+00	-1.311584e+01
4.500000599896941e-03	9.999976e+00	-1.311578e+01
4.500000749620174e-03	9.999970e+00	-1.311572e+01
4.500000899343407e-03	9.999964e+00	-1.311567e+01
4.500001049066640e-03	9.999958e+00	-1.311564e+01
4.500002097641271e-03	9.999916e+00	-1.311544e+01
4.500004194790535e-03	9.999832e+00	-1.311528e+01
4.500008389089061e-03	9.999664e+00	-1.311522e+01
4.500016777686113e-03	9.999329e+00	-1.311522e+01
4.827073740914778e-03	-3.082950e+00	-1.311522e+01
4.874073740914784e-03	-4.962950e+00	-1.311521e+01
4.877073740914784e-03	-5.082950e+00	-1.310354e+01
4.878073740914785e-03	-5.122950e+00	-1.307068e+01
4.878727603679375e-03	-5.149104e+00	-1.298330e+01
4.879106669376606e-03	-5.164267e+00	-1.274957e+01
4.879382606328128e-03	-5.175304e+00	-1.229252e+01
4.879647823783753e-03	-5.185913e+00	-1.149359e+01
4.880090909493603e-03	-5.203636e+00	-9.492362e+00
4.880693623329723e-03	-5.227745e+00	-5.735342e+00
4.881404168126121e-03	-5.256167e+00	1.334868e-02
4.882404168126121e-03	-5.296167e+00	9.135128e+00
4.882796142298973e-03	-5.311846e+00	1.249460e+01
4.882810138033703e-03	-5.312406e+00	1.257296e+01
4.882838129503163e-03	-5.313525e+00	1.263634e+01
4.882886645884463e-03	-5.315466e+00	1.267163e+01
4.882930071626615e-03	-5.317203e+00	1.267579e+01
4.882977083178314e-03	-5.319083e+00	1.267545e+01
4.999000000500009e-03	-9.960000e+00	1.267545e+01
5.000000000500009e-03	-1.000000e+01	1.267545e+01
5.000100000500009e-03	-9.996000e+00	1.267545e+01
5.000300000500009e-03	-9.988000e+00	1.267545e+01
5.053185714785731e-03	-7.872571e+00	1.267545e+01
5.106071429071451e-03	-5.757143e+00	1.267545e+01
5.158957143357173e-03	-3.641714e+00	1.267545e+01
5.211842857642894e-03	-1.526286e+00	1.267545e+01
5.264728571928615e-03	5.891428e-01	1.267545e+01
5.317614286214337e-03	2.704571e+00	1.267545e+01
5.370500000500058e-03	4.820000e+00	1.267546e+01
5.371357143357200e-03	4.854286e+00	1.267545e+01
5.372214286214344e-03	4.888572e+00	1.267545e+01
5.373071429071487e-03	4.922857e+00	1.267546e+01
5.373928571928629e-03	4.957143e+00	1.267546e+01
5.374785714785772e-03	4.991429e+00	1.267546e+01
5.375642857642916e-03	5.025714e+00	1.267546e+01
5.376500000500059e-03	5.060000e+00	1.267546e+01
5.377500000500059e-03	5.100000e+00	1.267133e+01
5.378347297671847e-03	5.133892e+00	1.250104e+01
5.378776189184485e-03	5.151048e+00	1.205975e+01
5.379217910474978e-03	5.168716e+00	1.107335e+01
5.379681995110970e-03	5.187280e+00	9.395622e+00
5.380544377269536e-03	5.221775e+00	4.858004e+00
5.381497086528345e-03	5.259883e+00	-1.577485e+00
5.382382310803700e-03	5.295292e+00	-8.158052e+00
5.382879596809689e-03	5.315184e+00	-1.148590e+01
5.383183587065903e-03	5.327343e+00	-1.288598e+01
5.383291113824590e-03	5.331645e+00	-1.307672e+01
5.383358814057921e-03	5.334352e+00	-1.309016e+01
5.383440710958754e-03	5.337628e+00	-1.309853e+01
5.383553446983044e-03	5.342138e+00	-1.310518e+01
5.383814402321467e-03	5.352576e+00	-1.311175e+01
5.499000000500011e-03	9.960000e+00	-1.311523e+01
5.500000000500011e-03	1.000000e+01	-1.311609e+01
5.500000000510011e-03	1.000000e+01	-1.311609e+01
5.500000000594868e-03	1.000000e+01	-1.311609e+01
5.500000000679725e-03	1.000000e+01	-1.311609e+01
5.500000000764583e-03	1.000000e+01	-1.311609e+01
5.500000000849439e-03	1.000000e+01	-1.311609e+01
5.500000000934297e-03	1.000000e+01	-1.311609e+01
5.500000001019153e-03	1.000000e+01	-1.311609e+01
5.500000001104011e-03	1.000000e+01	-1.311609e+01
5.500000150827244e-03	9.999994e+00	-1.311600e+01
5.500000300550477e-03	9.999988e+00	-1.311592e+01
5.500000450273709e-03	9.999982e+00	-1.311584e+01
5.500000599996943e-03	9.999976e+00	-1.311578e+01
5.500000749720176e-03	9.999970e+00	-1.311572e+01
5.500000899443409e-03	9.999964e+00	-1.311567e+01
5.500001049166642e-03	9.999958e+00	-1.311564e+01
5.500002097741274e-03	9.999916e+00	-1.311544e+01
5.500004194890537e-03	9.999832e+00	-1.311528e+01
5.500008389189064e-03	9.999664e+00	-1.311522e+01
5.500016777786116e-03	9.999329e+00	-1.311522e+01
5.793073741014776e-03	-1.722950e+00	-1.311522e+01
5.874073741014786e-03	-4.962950e+00	-1.311521e+01
5.877073741014787e-03	-5.082950e+00	-1.310354e+01
5.878073741014787e-03	-5.122950e+00	-1.307068e+01
5.878727603779377e-03	-5.149104e+00	-1.298330e+01
5.879106669475486e-03	-5.164267e+00	-1.274957e+01
5.879382606425431e-03	-5.175304e+00	-1.229252e+01
5.879647823880182e-03	-5.185913e+00	-1.149359e+01
5.880090909587766e-03	-5.203636e+00	-9.492362e+00
5.880693623424526e-03	-5.227745e+00	-5.735342e+00
5.881404168216188e-03	-5.256167e+00	1.334842e-02
5.882404168216188e-03	-5.296167e+00	9.135128e+00
5.882796142370943e-03	-5.311846e+00	1.249460e+01
5.882810138102801e-03	-5.312406e+00	1.257296e+01
5.882838129566518e-03	-5.313525e+00	1.263634e+01
5.882886645945708e-03	-5.315466e+00	1.267163e+01
5.882930071683052e-03	-5.317203e+00	1.267579e+01
5.882977083229018e-03	-5.319083e+00	1.267545e+01
5.999000000600011e-03	-9.960000e+00	1.267545e+01
6.000000000600011e-03	-1.000000e+01	1.267545e+01
6.000100000600012e-03	-9.996000e+00	1.267545e+01
6.000300000600011e-03	-9.988000e+00	1.267545e+01
6.053185714885733e-03	-7.872571e+00	1.267545e+01
6.106071429171454e-03	-5.757143e+00	1.267545e+01
6.158957143457175e-03	-3.641714e+00	1.267545e+01
6.211842857742896e-03	-1.526286e+00	1.267545e+01
6.264728572028618e-03	5.891428e-01	1.267545e+01
6.317614286314339e-03	2.704571e+00	1.267545e+01
6.370500000600060e-03	4.820000e+00	1.267546e+01
6.371357143457203e-03	4.854286e+00	1.267545e+01
6.372214286314347e-03	4.888572e+00	1.267545e+01
6.373071429171489e-03	4.922857e+00	1.267546e+01
6.373928572028632e-03	4.957143e+00	1.267546e+01
6.374785714885775e-03	4.991429e+00	1.267546e+01
6.375642857742918e-03	5.025714e+00	1.267546e+01
6.376500000600061e-03	5.060000e+00	1.267546e+01
6.377500000600061e-03	5.100000e+00	1.267133e+01
6.378347297771848e-03	5.133892e+00	1.250104e+01
6.378776189284487e-03	5.151048e+00	1.205975e+01
6.379217910574980e-03	5.168716e+00	1.107335e+01
6.379681995210972e-03	5.187280e+00	9.395622e+00
6.380544377369539e-03	5.221775e+00	4.858004e+00
6.381497086628347e-03	5.259883e+00	-1.577485e+00
6.382382310903702e-03	5.295292e+00	-8.158052e+00
6.382879596909690e-03	5.315184e+00	-1.148590e+01
6.383183587165905e-03	5.327343e+00	-1.288598e+01
6.383291113924591e-03	5.331645e+00	-1.307672e+01
6.383358814157924e-03	5.334352e+00	-1.309016e+01
6.383440711058757e-03	5.337628e+00	-1.309853e+01
6.383553447083046e-03	5.342138e+00	-1.310518e+01
6.383814402421468e-03	5.352576e+00	-1.311175e+01
6.499000000600012e-03	9.960000e+00	-1.311523e+01
6.500000000600014e-03	1.000000e+01	-1.311609e+01
6.500000000610013e-03	1.000000e+01	-1.311609e+01
6.500000000694869e-03	1.000000e+01	-1.311609e+01
6.500000000779724e-03	1.000000e+01	-1.311609e+01
6.500000000864580e-03	1.000000e+01	-1.311609e+01
6.500000000949436e-03	1.000000e+01	-1.311609e+01
6.500000001034291e-03	1.000000e+01	-1.311609e+01
6.500000001119146e-03	1.000000e+01	-1.311609e+01
6.500000001204002e-03	1.000000e+01	-1.311609e+01
6.500000150924638e-03	9.999994e+00	-1.311600e+01
6.500000300645274e-03	9.999988e+00	-1.311592e+01
6.500000450365910e-03	9.999982e+00	-1.311584e+01
6.500000600086545e-03	9.999976e+00	-1.311578e+01
6.500000749807181e-03	9.999970e+00	-1.311572e+01
6.500000899527817e-03	9.999964e+00	-1.311567e+01
6.500001049248453e-03	9.999958e+00	-1.311564e+01
6.500002097804895e-03	9.999916e+00	-1.311544e+01
6.500004194917778e-03	9.999832e+00	-1.311528e+01
6.500008389143545e-03	9.999664e+00	-1.311522e+01
6.500016777595079e-03	9.999329e+00	-1.311522e+01
6.759073722488320e-03	-3.629489e-01	-1.311522e+01
6.874073722488335e-03	-4.962949e+00	-1.311521e+01
6.877073722488336e-03	-5.082949e+00	-1.310354e+01
6.878073722488336e-03	-5.122949e+00	-1.307068e+01
6.878727595948759e-03	-5.149104e+00	-1.298329e+01
6.879106659350095e-03	-5.164266e+00	-1.274957e+01
6.879382596684436e-03	-5.175304e+00	-1.229250e+01
6.879647817243147e-03	-5.185913e+00	-1.149356e+01
6.880090903680581e-03	-5.203636e+00	-9.492319e+00
6.880693615991335e-03	-5.227745e+00	-5.735288e+00
6.881404174800050e-03	-5.256167e+00	1.353664e-02
6.882404174800050e-03	-5.296167e+00	9.135274e+00
6.882796145973060e-03	-5.311846e+00	1.249462e+01
6.882810142404857e-03	-5.312406e+00	1.257298e+01
6.882838135268451e-03	-5.313525e+00	1.263634e+01
6.882886654137242e-03	-5.315466e+00	1.267163e+01
6.882930083576241e-03	-5.317204e+00	1.267579e+01
6.882977098376474e-03	-5.319084e+00	1.267545e+01
6.999000000700012e-03	-9.960000e+00	1.267545e+01
7.000000000700012e-03	-1.000000e+01	1.267545e+01
7.000100000700013e-03	-9.996000e+00	1.267545e+01
7.000300000700012e-03	-9.988000e+00	1.267545e+01
7.053185714985734e-03	-7.872571e+00	1.267545e+01
7.106071429271455e-03	-5.757143e+00	1.267545e+01
7.158957143557176e-03	-3.641714e+00	1.267545e+01
7.211842857842897e-03	-1.526286e+00	1.267545e+01
7.264728572128619e-03	5.891428e-01	1.267545e+01
7.317614286414340e-03	2.704571e+00	1.267545e+01
7.370500000700061e-03	4.820000e+00	1.267546e+01
7.371357143557204e-03	4.854286e+00	1.267545e+01
7.372214286414347e-03	4.888572e+00	1.267545e+01
7.373071429271490e-03	4.922857e+00	1.267546e+01
7.373928572128633e-03	4.957143e+00	1.267546e+01
7.374785714985775e-03	4.991429e+00	1.267546e+01
7.375642857842919e-03	5.025714e+00	1.267546e+01
7.376500000700062e-03	5.060000e+00	1.267546e+01
7.377500000700062e-03	5.100000e+00	1.267133e+01
7.378347297871793e-03	5.133892e+00	1.250104e+01
7.378776189384415e-03	5.151048e+00	1.205975e+01
7.379217910674894e-03	5.168716e+00	1.107335e+01
7.379681995310894e-03	5.187280e+00	9.395622e+00
7.380544377469655e-03	5.221775e+00	4.858004e+00
7.381497086728335e-03	5.259883e+00	-1.577485e+00
7.382382311003665e-03	5.295292e+00	-8.158052e+00
7.382879597009658e-03	5.315184e+00	-1.148590e+01
7.383183587265875e-03	5.327343e+00	-1.288598e+01
7.383291114024569e-03	5.331645e+00	-1.307672e+01
7.383358814257902e-03	5.334352e+00	-1.309016e+01
7.383440711158735e-03	5.337628e+00	-1.309853e+01
7.383553447183024e-03	5.342138e+00	-1.310518e+01
7.383814402521436e-03	5.352576e+00	-1.311175e+01
7.499000000700014e-03	9.960000e+00	-1.311523e+01
7.500000000700014e-03	1.000000e+01	-1.311609e+01
7.500000000710014e-03	1.000000e+01	-1.311609e+01
7.500000000794872e-03	1.000000e+01	-1.311609e+01
7.500000000879728e-03	1.000000e+01	-1.311609e+01
7.500000000964586e-03	1.000000e+01	-1.311609e+01
7.500000001049442e-03	1.000000e+01	-1.311609e+01
7.500000001134300e-03	1.000000e+01	-1.311609e+01
7.500000001219156e-03	1.000000e+01	-1.311609e+01
7.500000001304014e-03	1.000000e+01	-1.311609e+01
7.500000151027247e-03	9.999994e+00	-1.311600e+01
7.500000300750480e-03	9.999988e+00	-1.311592e+01
7.500000450473713e-03	9.999982e+00	-1.311584e+01
7.500000600196947e-03	9.999976e+00	-1.311578e+01
7.500000749920179e-03	9.999970e+00	-1.311572e+01
7.500000899643412e-03	9.999964e+00	-1.311567e+01
7.500001049366645e-03	9.999958e+00	-1.311564e+01
7.500002097941277e-03	9.999916e+00	-1.311544e+01
7.500004195090540e-03	9.999832e+00	-1.311528e+01
7.500008389389067e-03	9.999664e+00	-1.311522e+01
7.500016777986119e-03	9.999329e+00	-1.311522e+01
7.725073741214770e-03	9.970504e-01	-1.311522e+01
7.874073741214736e-03	-4.962950e+00	-1.311521e+01
7.877073741214734e-03	-5.082950e+00	-1.310354e+01
7.878073741214733e-03	-5.122950e+00	-1.307068e+01
7.878727603979356e-03	-5.149104e+00	-1.298330e+01
7.879106669677895e-03	-5.164267e+00	-1.274957e+01
7.879382606631265e-03	-5.175304e+00	-1.229252e+01
7.879647824087923e-03	-5.185913e+00	-1.149359e+01
7.880090909800429e-03	-5.203636e+00	-9.492362e+00
7.880693623635792e-03	-5.227745e+00	-5.735342e+00
7.881404168437776e-03	-5.256167e+00	1.334875e-02
7.882404168437775e-03	-5.296167e+00	9.135128e+00
7.882796142624304e-03	-5.311846e+00	1.249460e+01
7.882810138361441e-03	-5.312406e+00	1.257296e+01
7.882838129835716e-03	-5.313525e+00	1.263634e+01
7.882886646219103e-03	-5.315466e+00	1.267163e+01
7.882930071965688e-03	-5.317203e+00	1.267579e+01
7.882977083522490e-03	-5.319083e+00	1.267545e+01
7.999000000800015e-03	-9.960000e+00	1.267545e+01
8.000000000800015e-03	-1.000000e+01	1.267545e+01
8.000100000800014e-03	-9.996000e+00	1.267545e+01
8.000300000800015e-03	-9.988000e+00	1.267545e+01
8.053185715085689e-03	-7.872571e+00	1.267545e+01
8.106071429371366e-03	-5.757143e+00	1.267545e+01
8.158957143657041e-03	-3.641714e+00	1.267545e+01
8.211842857942716e-03	-1.526286e+00	1.267545e+01
8.264728572228392e-03	5.891428e-01	1.267545e+01
8.317614286514067e-03	2.704571e+00	1.267545e+01
8.370500000799742e-03	4.820000e+00	1.267546e+01
8.371357143656884e-03	4.854286e+00	1.267545e+01
8.372214286514025e-03	4.888572e+00	1.267545e+01
8.373071429371168e-03	4.922857e+00	1.267546e+01
8.373928572228311e-03	4.957143e+00	1.267546e+01
8.374785715085454e-03	4.991429e+00	1.267546e+01
8.375642857942595e-03	5.025714e+00	1.267546e+01
8.376500000799737e-03	5.060000e+00	1.267546e+01
8.377500000799737e-03	5.100000e+00	1.267133e+01
8.378347297971865e-03	5.133892e+00	1.250104e+01
8.378776189484597e-03	5.151048e+00	1.205975e+01
8.379217910775179e-03	5.168716e+00	1.107335e+01
8.379681995411120e-03	5.187280e+00	9.395622e+00
8.380544377568518e-03	5.221775e+00	4.858004e+00
8.381497086828100e-03	5.259883e+00	-1.577485e+00
8.382382311103605e-03	5.295292e+00	-8.158052e+00
8.382879597109568e-03	5.315184e+00	-1.148590e+01
8.383183587365771e-03	5.327343e+00	-1.288598e+01
8.383291114124405e-03	5.331645e+00	-1.307672e+01
8.383358814357729e-03	5.334352e+00	-1.309016e+01
8.383440711258565e-03	5.337628e+00	-1.309853e+01
8.383553447282855e-03	5.342138e+00	-1.310518e+01
8.383814402621346e-03	5.352576e+00	-1.311175e+01
8.499000000800018e-03	9.960000e+00	-1.311523e+01
8.500000000800017e-03	1.000000e+01	-1.311609e+01
8.500000000810018e-03	1.000000e+01	-1.311609e+01
8.500000000894875e-03	1.000000e+01	-1.311609e+01
8.500000000979731e-03	1.000000e+01	-1.311609e+01
8.500000001064588e-03	1.000000e+01	-1.311609e+01
8.500000001149446e-03	1.000000e+01	-1.311609e+01
8.500000001234303e-03	1.000000e+01	-1.311609e+01
8.500000001319159e-03	1.000000e+01	-1.311609e+01
8.500000001404016e-03	1.000000e+01	-1.311609e+01
8.500000151127250e-03	9.999994e+00	-1.311600e+01
8.500000300850482e-03	9.999988e+00	-1.311592e+01
8.500000450573716e-03	9.999982e+00	-1.311584e+01
8.500000600296948e-03	9.999976e+00	-1.311578e+01
8.500000750020182e-03	9.999970e+00	-1.311572e+01
8.500000899743414e-03	9.999964e+00	-1.311567e+01
8.500001049466648e-03	9.999958e+00	-1.311564e+01
8.500002098041280e-03	9.999916e+00	-1.311544e+01
8.500004195190543e-03	9.999832e+00	-1.311528e+01
8.500008389489069e-03	9.999664e+00	-1.311522e+01
8.500016778086122e-03	9.999329e+00	-1.311522e+01
8.691073741314604e-03	2.357050e+00	-1.311522e+01
8.874073741314470e-03	-4.962950e+00	-1.311521e+01
8.877073741314467e-03	-5.082950e+00	-1.310354e+01
8.878073741314467e-03	-5.122950e+00	-1.307068e+01
8.878727604079244e-03	-5.149104e+00	-1.298330e+01
8.879106669772681e-03	-5.164267e+00	-1.274957e+01
8.879382606718939e-03	-5.175304e+00	-1.229252e+01
8.879647824171695e-03	-5.185913e+00	-1.149359e+01
8.880090909873982e-03	-5.203636e+00	-9.492362e+00
8.880693623712219e-03	-5.227745e+00	-5.735342e+00
8.881404168493028e-03	-5.256167e+00	1.334829e-02
8.882404168493027e-03	-5.296167e+00	9.135128e+00
8.882796142674926e-03	-5.311846e+00	1.249460e+01
8.882810138408947e-03	-5.312406e+00	1.257296e+01
8.882838129876992e-03	-5.313525e+00	1.263634e+01
8.882886646254928e-03	-5.315466e+00	1.267163e+01
8.882930071992250e-03	-5.317203e+00	1.267579e+01
8.882977083539861e-03	-5.319083e+00	1.267545e+01
8.999000000900018e-03	-9.960000e+00	1.267545e+01
9.000000000900017e-03	-1.000000e+01	1.267545e+01
9.000100000900017e-03	-9.996000e+00	1.267545e+01
9.000300000900017e-03	-9.988000e+00	1.267545e+01
9.053185715185692e-03	-7.872571e+00	1.267545e+01
9.106071429471368e-03	-5.757143e+00	1.267545e+01
9.158957143757043e-03	-3.641714e+00	1.267545e+01
9.211842858042718e-03	-1.526286e+00	1.267545e+01
9.264728572328393e-03	5.891428e-01	1.267545e+01
9.317614286614069e-03	2.704571e+00	1.267545e+01
9.370500000899744e-03	4.820000e+00	1.267546e+01
9.371357143756887e-03	4.854286e+00	1.267545e+01
9.372214286614028e-03	4.888572e+00	1.267545e+01
9.373071429471171e-03	4.922857e+00	1.267546e+01
9.373928572328313e-03	4.957143e+00	1.267546e+01
9.374785715185456e-03	4.991429e+00	1.267546e+01
9.375642858042597e-03	5.025714e+00	1.267546e+01
9.376500000899740e-03	5.060000e+00	1.267546e+01
9.377500000899739e-03	5.100000e+00	1.267133e+01
9.378347298071868e-03	5.133892e+00	1.250104e+01
9.378776189584600e-03	5.151048e+00	1.205975e+01
9.379217910875181e-03	5.168716e+00	1.107335e+01
9.379681995511122e-03	5.187280e+00	9.395622e+00
9.380544377668519e-03	5.221775e+00	4.858004e+00
9.381497086928101e-03	5.259883e+00	-1.577485e+00
9.382382311203606e-03	5.295292e+00	-8.158052e+00
9.382879597209568e-03	5.315184e+00	-1.148590e+01
9.383183587465772e-03	5.327343e+00	-1.288598e+01
9.383291114224406e-03	5.331645e+00	-1.307672e+01
9.383358814457730e-03	5.334352e+00	-1.309016e+01
9.383440711358566e-03	5.337628e+00	-1.309853e+01
9.383553447382856e-03	5.342138e+00	-1.310518e+01
9.383814402721347e-03	5.352576e+00	-1.311175e+01
9.499000000900020e-03	9.960000e+00	-1.311523e+01
9.500000000900019e-03	1.000000e+01	-1.311609e+01
9.500000000910020e-03	1.000000e+01	-1.311609e+01
9.500000000994878e-03	1.000000e+01	-1.311609e+01
9.500000001079733e-03	1.000000e+01	-1.311609e+01
9.500000001164591e-03	1.000000e+01	-1.311609e+01
9.500000001249448e-03	1.000000e+01	-1.311609e+01
9.500000001334306e-03	1.000000e+01	-1.311609e+01
9.500000001419161e-03	1.000000e+01	-1.311609e+01
9.500000001504019e-03	1.000000e+01	-1.311609e+01
9.500000151227253e-03	9.999994e+00	-1.311600e+01
9.500000300950485e-03	9.999988e+00	-1.311592e+01
9.500000450673719e-03	9.999982e+00	-1.311584e+01
9.500000600396951e-03	9.999976e+00	-1.311578e+01
9.500000750120184e-03	9.999970e+00	-1.311572e+01
9.500000899843417e-03	9.999964e+00	-1.311567e+01
9.500001049566650e-03	9.999958e+00	-1.311564e+01
9.500002098141282e-03	9.999916e+00	-1.311544e+01
9.500004195290545e-03	9.999832e+00	-1.311528e+01
9.500008389589072e-03	9.999664e+00	-1.311522e+01
9.500016778186125e-03	9.999329e+00	-1.311522e+01
9.657073741414631e-03	3.717050e+00	-1.311522e+01
9.874073741414472e-03	-4.962950e+00	-1.311521e+01
9.877073741414470e-03	-5.082950e+00	-1.310354e+01
9.878073741414469e-03	-5.122950e+00	-1.307068e+01
9.878727604179245e-03	-5.149104e+00	-1.298330e+01
9.879106669872729e-03	-5.164267e+00	-1.274957e+01
9.879382606819052e-03	-5.175304e+00	-1.229252e+01
9.879647824271845e-03	-5.185913e+00	-1.149359e+01
9.880090909974226e-03	-5.203636e+00	-9.492362e+00
9.880693623812433e-03	-5.227745e+00	-5.735342e+00
9.881404168593441e-03	-5.256167e+00	1.334829e-02
9.882404168593440e-03	-5.296167e+00	9.135128e+00
9.882796142759758e-03	-5.311846e+00	1.249460e+01
9.882810138491816e-03	-5.312406e+00	1.257296e+01
9.882838129955929e-03	-5.313525e+00	1.263634e+01
9.882886646333097e-03	-5.315466e+00	1.267163e+01
9.882930072067996e-03	-5.317203e+00	1.267579e+01
9.882977083612320e-03	-5.319083e+00	1.267545e+01
9.999000001000020e-03	-9.960000e+00	1.267545e+01
1.000000000000000e-02	-1.000000e+01	1.267545e+01
